2.53539 0.6 0.6 2 46 5
2.49544 0.601968 0.601968 2 46 5
2.47546 0.602978 0.602978 2 46 5
2.45549 0.603999 0.603999 2 46 5
2.43552 0.605031 0.605031 2 46 5
2.41554 0.606077 0.606077 2 46 5
2.39557 0.607135 0.607135 2 46 5
2.3756 0.608206 0.608206 2 46 5
2.35563 0.609293 0.609293 2 46 5
2.33566 0.610401 0.610401 2 46 5
2.31569 0.611449 0.611449 2 46 5
2.29572 0.61258 0.61258 2 46 5
2.27575 0.613736 0.613736 2 46 5
2.25579 0.614907 0.614907 2 46 5
2.23582 0.616088 0.616088 2 46 5
2.21586 0.617287 0.617287 2 46 5
2.19589 0.618369 0.618369 2 46 5
2.17592 0.619621 0.619621 2 46 5
2.15596 0.6209 0.6209 2 46 5
2.13601 0.622184 0.622184 2 46 5
2.11605 0.623484 0.623484 2 46 5
2.09609 0.624728 0.624728 2 46 5
2.07613 0.626028 0.626028 2 46 5
2.05617 0.627354 0.627354 2 46 5
2.03622 0.628703 0.628703 2 46 5
2.01627 0.630075 0.630075 2 46 5
1.99631 0.631468 0.631468 2 46 5
1.97636 0.632881 0.632881 2 46 5
1.95642 0.634317 0.634317 2 46 5
1.93647 0.635775 0.635775 2 46 5
1.91652 0.637261 0.637261 2 46 5
1.89658 0.638791 0.638791 2 46 5
1.87663 0.640234 0.640234 2 46 5
1.85669 0.64178 0.64178 2 46 5
1.83676 0.643372 0.643372 2 46 5
1.81682 0.644997 0.644997 2 46 5
1.79689 0.646648 0.646648 2 46 5
1.77696 0.648325 0.648325 2 46 5
1.75704 0.650033 0.650033 2 46 5
1.73712 0.651816 0.651816 2 46 5
1.71718 0.653479 0.653479 2 46 5
1.69726 0.655248 0.655248 2 46 5
1.67734 0.657071 0.657071 2 46 5
1.65743 0.658945 0.658945 2 46 5
1.63752 0.66086 0.66086 2 46 5
1.61762 0.662813 0.662813 2 46 5
1.59772 0.664803 0.664803 2 46 5
1.57782 0.666834 0.666834 2 46 5
1.55793 0.668919 0.668919 2 46 5
1.53805 0.67113 0.67113 2 46 5
1.51816 0.673108 0.673108 2 46 5
1.49827 0.675245 0.675245 2 46 5
1.4784 0.677496 0.677496 2 46 5
1.45853 0.67984 0.67984 2 46 5
1.43868 0.682245 0.682245 2 46 5
1.41883 0.684699 0.684699 2 46 5
1.39899 0.687207 0.687207 2 46 5
1.37913 0.689585 0.689585 2 46 5
1.35929 0.692099 0.692099 2 46 5
1.33947 0.694833 0.694833 2 46 5
1.31967 0.697682 0.697682 2 46 5
1.29989 0.700591 0.700591 2 46 5
1.28011 0.703558 0.703558 2 46 5
1.26033 0.706554 0.706554 2 46 5
1.24056 0.709491 0.709491 2 46 5
1.22081 0.712645 0.712645 2 46 5
1.20108 0.715947 0.715947 2 46 5
1.18137 0.719374 0.719374 2 46 5
1.16169 0.722911 0.722911 2 46 5
1.14202 0.726559 0.726559 2 46 5
1.12238 0.73033 0.73033 2 46 5
1.1028 0.734433 0.734433 2 46 5
1.08322 0.738489 0.738489 2 46 5
1.06366 0.742678 0.742678 2 46 5
1.04413 0.746995 0.746995 2 46 5
1.02463 0.751443 0.751443 2 46 5
1.00517 0.756077 0.756077 2 46 5
0.985775 0.760949 0.760949 2 46 5
0.966442 0.766072 0.766072 2 46 5
0.947176 0.771445 0.771445 2 46 5
0.927983 0.777068 0.777068 2 46 5
0.908869 0.782956 0.782956 2 46 5
0.889846 0.789132 0.789132 2 46 5
0.870928 0.795623 0.795623 2 46 5
0.852134 0.802463 0.802463 2 46 5
0.833481 0.809683 0.809683 2 46 5
0.814994 0.817316 0.817316 2 46 5
0.796699 0.825398 0.825398 2 46 5
0.778624 0.833963 0.833963 2 46 5
0.760808 0.843054 0.843054 2 46 5
0.743294 0.852715 0.852715 2 46 5
0.726132 0.862988 0.862988 2 46 5
0.709378 0.873916 0.873916 2 46 5
0.693099 0.885538 0.885538 2 46 5
0.677363 0.897887 0.897887 2 46 5
0.662247 0.910987 0.910987 2 46 5
0.647825 0.924848 0.924848 2 46 5
0.63417 0.939465 0.939465 2 46 5
0.621345 0.954813 0.954813 2 46 5
0.609398 0.970853 0.970853 2 46 5
0.598358 0.987529 0.987529 2 46 5
0.588232 1.00477 1.00477 2 46 5
0.578995 1.02251 1.02251 2 46 5
0.570658 1.04069 1.04069 2 46 5
0.563142 1.05922 1.05922 2 46 5
0.556386 1.07804 1.07804 2 46 5
0.550332 1.0971 1.0971 2 46 5
0.54492 1.11635 1.11635 2 46 5
0.540087 1.13575 1.13575 2 46 5
0.535774 1.15528 1.15528 2 46 5
0.531928 1.1749 1.1749 2 46 5
0.528494 1.19461 1.19461 2 46 5
0.525424 1.21437 1.21437 2 46 5
0.522679 1.23418 1.23418 2 46 5
0.52022 1.25403 1.25403 2 46 5
0.518017 1.2739 1.2739 2 46 5
0.516039 1.29381 1.29381 2 46 5
0.514262 1.31373 1.31373 2 46 5
0.512662 1.33366 1.33366 2 46 5
0.511221 1.35361 1.35361 2 46 5
0.50978 1.37356 1.37356 2 46 5
0.50862 1.39353 1.39353 2 46 5
0.50757 1.4135 1.4135 2 46 5
0.506618 1.43348 1.43348 2 46 5
0.505755 1.45346 1.45346 2 46 5
0.50497 1.47344 1.47344 2 46 5
0.504256 1.49343 1.49343 2 46 5
0.503606 1.51342 1.51342 2 46 5
0.503012 1.53341 1.53341 2 46 5
0.502471 1.55341 1.55341 2 46 5
0.501976 1.5734 1.5734 2 46 5
0.501523 1.59339 1.59339 2 46 5
0.501107 1.61339 1.61339 2 46 5
0.500727 1.63339 1.63339 2 46 5
0.500377 1.65338 1.65338 2 46 5
0.500056 1.67338 1.67338 2 46 5
0.49976 1.69338 1.69338 2 46 5
2.53539 0.6 0.6 2 46 5
2.57534 0.59805 0.59805 2 46 5
2.59532 0.597101 0.597101 2 46 5
2.6153 0.59616 0.59616 2 46 5
2.63528 0.59523 0.59523 2 46 5
2.65525 0.594309 0.594309 2 46 5
2.67523 0.593399 0.593399 2 46 5
2.69521 0.592499 0.592499 2 46 5
2.71519 0.591613 0.591613 2 46 5
2.73517 0.590582 0.590582 2 46 5
2.75516 0.589765 0.589765 2 46 5
2.77514 0.588965 0.588965 2 46 5
2.79512 0.588148 0.588148 2 46 5
2.8151 0.587297 0.587297 2 46 5
2.83508 0.586439 0.586439 2 46 5
2.85507 0.585606 0.585606 2 46 5
2.87505 0.584782 0.584782 2 46 5
2.89503 0.583967 0.583967 2 46 5
2.91502 0.58316 0.58316 2 46 5
2.935 0.582363 0.582363 2 46 5
2.95499 0.581573 0.581573 2 46 5
2.97497 0.58079 0.58079 2 46 5
2.99495 0.580014 0.580014 2 46 5
3.01494 0.579246 0.579246 2 46 5
3.03493 0.578485 0.578485 2 46 5
3.05491 0.577732 0.577732 2 46 5
3.0749 0.576997 0.576997 2 46 5
3.09488 0.576234 0.576234 2 46 5
3.11487 0.575493 0.575493 2 46 5
3.13486 0.574763 0.574763 2 46 5
3.15484 0.574043 0.574043 2 46 5
3.17483 0.573331 0.573331 2 46 5
3.19482 0.572624 0.572624 2 46 5
3.21481 0.571923 0.571923 2 46 5
3.23479 0.571228 0.571228 2 46 5
3.25478 0.570548 0.570548 2 46 5
3.27477 0.569844 0.569844 2 46 5
3.29476 0.569159 0.569159 2 46 5
3.31475 0.568484 0.568484 2 46 5
3.33474 0.567816 0.567816 2 46 5
3.35472 0.567156 0.567156 2 46 5
3.37471 0.5665 0.5665 2 46 5
3.3947 0.565849 0.565849 2 46 5
3.41469 0.565204 0.565204 2 46 5
3.43468 0.564568 0.564568 2 46 5
3.45467 0.563914 0.563914 2 46 5
3.47466 0.563279 0.563279 2 46 5
3.49465 0.562654 0.562654 2 46 5
3.51464 0.562034 0.562034 2 46 5
3.53463 0.56142 0.56142 2 46 5
3.55462 0.560809 0.560809 2 46 5
3.57461 0.560203 0.560203 2 46 5
3.59461 0.559613 0.559613 2 46 5
3.6146 0.558998 0.558998 2 46 5
3.63459 0.558402 0.558402 2 46 5
3.65458 0.55781 0.55781 2 46 5
3.67457 0.557222 0.557222 2 46 5
3.69456 0.556639 0.556639 2 46 5
3.71455 0.556061 0.556061 2 46 5
3.73455 0.555489 0.555489 2 46 5
3.75454 0.55492 0.55492 2 46 5
3.77453 0.554356 0.554356 2 46 5
3.79452 0.553796 0.553796 2 46 5
3.81451 0.553239 0.553239 2 46 5
3.83451 0.552687 0.552687 2 46 5
3.8545 0.552146 0.552146 2 46 5
3.87449 0.551588 0.551588 2 46 5
3.89448 0.551042 0.551042 2 46 5
3.91448 0.550503 0.550503 2 46 5
3.93447 0.549969 0.549969 2 46 5
3.95446 0.54944 0.54944 2 46 5
3.97446 0.548914 0.548914 2 46 5
3.99445 0.548392 0.548392 2 46 5
4.01444 0.547872 0.547872 2 46 5
4.03444 0.547358 0.547358 2 46 5
4.05443 0.54683 0.54683 2 46 5
4.07442 0.546321 0.546321 2 46 5
4.09442 0.545818 0.545818 2 46 5
4.11441 0.545317 0.545317 2 46 5
4.1344 0.544819 0.544819 2 46 5
4.1544 0.544325 0.544325 2 46 5
4.17439 0.543805 0.543805 2 46 5
4.19438 0.543321 0.543321 2 46 5
4.21438 0.542843 0.542843 2 46 5
4.23437 0.542365 0.542365 2 46 5
4.25437 0.541893 0.541893 2 46 5
4.27436 0.541406 0.541406 2 46 5
4.29436 0.540908 0.540908 2 46 5
4.31435 0.54044 0.54044 2 46 5
4.33434 0.539977 0.539977 2 46 5
4.35434 0.539516 0.539516 2 46 5
4.37433 0.539056 0.539056 2 46 5
4.39433 0.538586 0.538586 2 46 5
4.41432 0.538127 0.538127 2 46 5
4.43432 0.537672 0.537672 2 46 5
4.45431 0.537219 0.537219 2 46 5
4.47431 0.536769 0.536769 2 46 5
4.4943 0.536322 0.536322 2 46 5
4.5143 0.535877 0.535877 2 46 5
4.53429 0.535435 0.535435 2 46 5
4.55429 0.534965 0.534965 2 46 5
4.57428 0.534537 0.534537 2 46 5
4.59428 0.534114 0.534114 2 46 5
4.61427 0.533689 0.533689 2 46 5
4.63427 0.533254 0.533254 2 46 5
4.65426 0.532828 0.532828 2 46 5
4.67426 0.532403 0.532403 2 46 5
4.69425 0.531908 0.531908 2 46 5
4.71425 0.531519 0.531519 2 46 5
4.73425 0.531134 0.531134 2 46 5
4.75424 0.530736 0.530736 2 46 5
4.77424 0.530322 0.530322 2 46 5
4.79423 0.529901 0.529901 2 46 5
4.81423 0.529482 0.529482 2 46 5
4.83423 0.529072 0.529072 2 46 5
4.85422 0.528667 0.528667 2 46 5
4.87422 0.528267 0.528267 2 46 5
4.89421 0.527868 0.527868 2 46 5
4.91421 0.52747 0.52747 2 46 5
4.93421 0.527075 0.527075 2 46 5
4.9542 0.526669 0.526669 2 46 5
4.9742 0.526279 0.526279 2 46 5
4.99419 0.525892 0.525892 2 46 5
5.01419 0.525506 0.525506 2 46 5
5.03419 0.525122 0.525122 2 46 5
5.05418 0.524704 0.524704 2 46 5
5.07418 0.524335 0.524335 2 46 5
5.09418 0.523969 0.523969 2 46 5
5.11417 0.523599 0.523599 2 46 5
5.13417 0.523221 0.523221 2 46 5
5.15417 0.522841 0.522841 2 46 5
5.17416 0.522468 0.522468 2 46 5
5.19416 0.522096 0.522096 2 46 5
5.21416 0.521726 0.521726 2 46 5
5.23415 0.521359 0.521359 2 46 5
5.25415 0.520993 0.520993 2 46 5
5.27415 0.520629 0.520629 2 46 5
5.29414 0.520268 0.520268 2 46 5
5.31414 0.519907 0.519907 2 46 5
5.33414 0.519549 0.519549 2 46 5
5.35413 0.519192 0.519192 2 46 5
5.37413 0.518838 0.518838 2 46 5
5.39413 0.518492 0.518492 2 46 5
5.41412 0.518133 0.518133 2 46 5
5.43412 0.517768 0.517768 2 46 5
5.45412 0.517422 0.517422 2 46 5
5.47411 0.517081 0.517081 2 46 5
5.49411 0.51674 0.51674 2 46 5
5.51411 0.516399 0.516399 2 46 5
5.53411 0.516054 0.516054 2 46 5
5.5541 0.515713 0.515713 2 46 5
5.5741 0.515374 0.515374 2 46 5
5.5941 0.515036 0.515036 2 46 5
5.61409 0.5147 0.5147 2 46 5
5.63409 0.514366 0.514366 2 46 5
5.65409 0.514033 0.514033 2 46 5
5.67409 0.513702 0.513702 2 46 5
5.69408 0.513372 0.513372 2 46 5
5.71408 0.513044 0.513044 2 46 5
5.73408 0.512717 0.512717 2 46 5
5.75407 0.512392 0.512392 2 46 5
5.77407 0.512068 0.512068 2 46 5
5.79407 0.511746 0.511746 2 46 5
5.81407 0.511427 0.511427 2 46 5
5.83406 0.511102 0.511102 2 46 5
5.85406 0.510783 0.510783 2 46 5
5.87406 0.510466 0.510466 2 46 5
5.89406 0.510151 0.510151 2 46 5
5.91405 0.509838 0.509838 2 46 5
5.93405 0.509526 0.509526 2 46 5
5.95405 0.509215 0.509215 2 46 5
5.97405 0.508906 0.508906 2 46 5
5.99404 0.508592 0.508592 2 46 5
6.01404 0.508284 0.508284 2 46 5
6.03404 0.507979 0.507979 2 46 5
6.05404 0.507675 0.507675 2 46 5
6.07404 0.507372 0.507372 2 46 5
6.09403 0.50707 0.50707 2 46 5
6.11403 0.506773 0.506773 2 46 5
6.13403 0.506469 0.506469 2 46 5
6.15403 0.50617 0.50617 2 46 5
6.17402 0.505871 0.505871 2 46 5
6.19402 0.505574 0.505574 2 46 5
6.21402 0.505279 0.505279 2 46 5
6.23402 0.504986 0.504986 2 46 5
6.25402 0.504693 0.504693 2 46 5
6.27401 0.504402 0.504402 2 46 5
6.29401 0.504112 0.504112 2 46 5
6.31401 0.503823 0.503823 2 46 5
6.33401 0.503536 0.503536 2 46 5
6.35401 0.503251 0.503251 2 46 5
6.374 0.502962 0.502962 2 46 5
6.394 0.502676 0.502676 2 46 5
6.414 0.502392 0.502392 2 46 5
6.434 0.50211 0.50211 2 46 5
6.454 0.50183 0.50183 2 46 5
6.47399 0.50155 0.50155 2 46 5
6.49399 0.501271 0.501271 2 46 5
6.51399 0.500994 0.500994 2 46 5
6.53399 0.500718 0.500718 2 46 5
6.55399 0.500439 0.500439 2 46 5
6.57398 0.500164 0.500164 2 46 5
6.59398 0.49989 0.49989 2 46 5
6.61398 0.499618 0.499618 2 46 5
6.63398 0.499347 0.499347 2 46 5
6.65398 0.499077 0.499077 2 46 5
6.67397 0.498808 0.498808 2 46 5
6.69397 0.498509 0.498509 2 46 5
6.71397 0.498255 0.498255 2 46 5
6.73397 0.498003 0.498003 2 46 5
6.75397 0.497745 0.497745 2 46 5
6.77397 0.497481 0.497481 2 46 5
6.79396 0.497213 0.497213 2 46 5
6.81396 0.496947 0.496947 2 46 5
6.83396 0.496684 0.496684 2 46 5
6.85396 0.496424 0.496424 2 46 5
6.87396 0.496165 0.496165 2 46 5
6.89396 0.495907 0.495907 2 46 5
6.91395 0.49565 0.49565 2 46 5
6.93395 0.495394 0.495394 2 46 5
6.95395 0.495132 0.495132 2 46 5
6.97395 0.494878 0.494878 2 46 5
6.99395 0.494626 0.494626 2 46 5
7.01395 0.494374 0.494374 2 46 5
7.03394 0.494123 0.494123 2 46 5
7.05394 0.493867 0.493867 2 46 5
7.07394 0.493617 0.493617 2 46 5
7.09394 0.493369 0.493369 2 46 5
7.11394 0.493121 0.493121 2 46 5
7.13394 0.492874 0.492874 2 46 5
7.15393 0.492632 0.492632 2 46 5
7.17393 0.492382 0.492382 2 46 5
7.19393 0.492133 0.492133 2 46 5
7.21393 0.491888 0.491888 2 46 5
7.23393 0.491645 0.491645 2 46 5
7.25393 0.491403 0.491403 2 46 5
7.27393 0.491162 0.491162 2 46 5
7.29392 0.490922 0.490922 2 46 5
7.31392 0.490683 0.490683 2 46 5
7.33392 0.490441 0.490441 2 46 5
7.35392 0.490202 0.490202 2 46 5
7.37392 0.489964 0.489964 2 46 5
7.39392 0.489727 0.489727 2 46 5
7.41392 0.489491 0.489491 2 46 5
7.43391 0.489256 0.489256 2 46 5
7.45391 0.489021 0.489021 2 46 5
7.47391 0.488788 0.488788 2 46 5
7.49391 0.488555 0.488555 2 46 5
7.51391 0.488323 0.488323 2 46 5
7.53391 0.488092 0.488092 2 46 5
7.55391 0.487858 0.487858 2 46 5
7.5739 0.487628 0.487628 2 46 5
7.5939 0.4874 0.4874 2 46 5
7.6139 0.487172 0.487172 2 46 5
7.6339 0.486944 0.486944 2 46 5
7.6539 0.486718 0.486718 2 46 5
7.6739 0.486493 0.486493 2 46 5
7.6939 0.486265 0.486265 2 46 5
7.7139 0.48604 0.48604 2 46 5
7.73389 0.485816 0.485816 2 46 5
7.75389 0.485593 0.485593 2 46 5
7.77389 0.48537 0.48537 2 46 5
7.79389 0.485149 0.485149 2 46 5
7.81389 0.484928 0.484928 2 46 5
7.83389 0.484708 0.484708 2 46 5
7.85389 0.484489 0.484489 2 46 5
7.87389 0.484267 0.484267 2 46 5
7.89388 0.484049 0.484049 2 46 5
7.91388 0.483831 0.483831 2 46 5
7.93388 0.483614 0.483614 2 46 5
7.95388 0.483398 0.483398 2 46 5
7.97388 0.483183 0.483183 2 46 5
7.99388 0.482968 0.482968 2 46 5
8.01388 0.482755 0.482755 2 46 5
8.03388 0.482539 0.482539 2 46 5
8.05388 0.482325 0.482325 2 46 5
8.07387 0.482114 0.482114 2 46 5
8.09387 0.481902 0.481902 2 46 5
8.11387 0.481692 0.481692 2 46 5
8.13387 0.481482 0.481482 2 46 5
8.15387 0.481272 0.481272 2 46 5
8.17387 0.48106 0.48106 2 46 5
8.19387 0.480852 0.480852 2 46 5
8.21387 0.480645 0.480645 2 46 5
8.23387 0.480439 0.480439 2 46 5
8.25386 0.480232 0.480232 2 46 5
8.27386 0.480028 0.480028 2 46 5
8.29386 0.479821 0.479821 2 46 5
8.31386 0.479615 0.479615 2 46 5
8.33386 0.479411 0.479411 2 46 5
8.35386 0.479207 0.479207 2 46 5
8.37386 0.479005 0.479005 2 46 5
8.39386 0.478803 0.478803 2 46 5
8.41386 0.478601 0.478601 2 46 5
8.43386 0.4784 0.4784 2 46 5
8.45385 0.4782 0.4782 2 46 5
8.47385 0.478 0.478 2 46 5
8.49385 0.477798 0.477798 2 46 5
8.51385 0.4776 0.4776 2 46 5
8.53385 0.477402 0.477402 2 46 5
8.55385 0.477205 0.477205 2 46 5
8.57385 0.477008 0.477008 2 46 5
8.59385 0.476812 0.476812 2 46 5
8.61385 0.476598 0.476598 2 46 5
8.63385 0.476411 0.476411 2 46 5
8.65384 0.476224 0.476224 2 46 5
8.67384 0.476035 0.476035 2 46 5
8.69384 0.475841 0.475841 2 46 5
8.71384 0.475646 0.475646 2 46 5
8.73384 0.475451 0.475451 2 46 5
8.75384 0.475258 0.475258 2 46 5
8.77384 0.475066 0.475066 2 46 5
8.79384 0.474876 0.474876 2 46 5
8.81384 0.474686 0.474686 2 46 5
8.83384 0.474496 0.474496 2 46 5
8.85384 0.474308 0.474308 2 46 5
8.87383 0.474115 0.474115 2 46 5
8.89383 0.473928 0.473928 2 46 5
8.91383 0.473741 0.473741 2 46 5
8.93383 0.473555 0.473555 2 46 5
8.95383 0.473369 0.473369 2 46 5
8.97383 0.473181 0.473181 2 46 5
8.99383 0.472995 0.472995 2 46 5
9.01383 0.47281 0.47281 2 46 5
9.03383 0.472625 0.472625 2 46 5
9.05383 0.472441 0.472441 2 46 5
9.07383 0.472258 0.472258 2 46 5
9.09383 0.472074 0.472074 2 46 5
9.11382 0.471892 0.471892 2 46 5
9.13382 0.47171 0.47171 2 46 5
9.15382 0.471527 0.471527 2 46 5
9.17382 0.471345 0.471345 2 46 5
9.19382 0.471165 0.471165 2 46 5
9.21382 0.470985 0.470985 2 46 5
9.23382 0.470805 0.470805 2 46 5
9.25382 0.470626 0.470626 2 46 5
9.27382 0.470447 0.470447 2 46 5
9.29382 0.47027 0.47027 2 46 5
9.31382 0.47009 0.47009 2 46 5
9.33382 0.469912 0.469912 2 46 5
9.35381 0.469736 0.469736 2 46 5
9.37381 0.469559 0.469559 2 46 5
9.39381 0.469384 0.469384 2 46 5
9.41381 0.469208 0.469208 2 46 5
9.43381 0.469033 0.469033 2 46 5
9.45381 0.468859 0.468859 2 46 5
9.47381 0.468683 0.468683 2 46 5
9.49381 0.46851 0.46851 2 46 5
9.51381 0.468336 0.468336 2 46 5
9.53381 0.468164 0.468164 2 46 5
9.55381 0.467992 0.467992 2 46 5
9.57381 0.46782 0.46782 2 46 5
9.59381 0.467648 0.467648 2 46 5
9.6138 0.467478 0.467478 2 46 5
9.6338 0.467306 0.467306 2 46 5
9.6538 0.467135 0.467135 2 46 5
9.6738 0.466966 0.466966 2 46 5
9.6938 0.466797 0.466797 2 46 5
9.7138 0.466628 0.466628 2 46 5
9.7338 0.466459 0.466459 2 46 5
9.7538 0.466292 0.466292 2 46 5
9.7738 0.466124 0.466124 2 46 5
9.7938 0.465948 0.465948 2 46 5
9.8138 0.465785 0.465785 2 46 5
9.8338 0.465623 0.465623 2 46 5
9.8538 0.465459 0.465459 2 46 5
9.8738 0.465293 0.465293 2 46 5
9.8938 0.465127 0.465127 2 46 5
9.91379 0.464928 0.464928 2 46 5
9.93379 0.46478 0.46478 2 46 5
9.95379 0.464633 0.464633 2 46 5
9.97379 0.464478 0.464478 2 46 5
9.99379 0.464315 0.464315 2 46 5
10.0138 0.464148 0.464148 2 46 5
10.0338 0.463981 0.463981 2 46 5
10.0538 0.463817 0.463817 2 46 5
10.0738 0.463656 0.463656 2 46 5
10.0938 0.463496 0.463496 2 46 5
10.1138 0.463336 0.463336 2 46 5
10.1338 0.463176 0.463176 2 46 5
10.1538 0.463018 0.463018 2 46 5
10.1738 0.462857 0.462857 2 46 5
10.1938 0.462696 0.462696 2 46 5
10.2138 0.462537 0.462537 2 46 5
10.2338 0.462379 0.462379 2 46 5
10.2538 0.462221 0.462221 2 46 5
10.2738 0.462064 0.462064 2 46 5
10.2938 0.461907 0.461907 2 46 5
10.3138 0.46175 0.46175 2 46 5
10.3338 0.461593 0.461593 2 46 5
10.3538 0.461436 0.461436 2 46 5
10.3738 0.461281 0.461281 2 46 5
10.3938 0.461125 0.461125 2 46 5
10.4138 0.46097 0.46097 2 46 5
10.4338 0.460816 0.460816 2 46 5
10.4538 0.460662 0.460662 2 46 5
10.4738 0.460509 0.460509 2 46 5
10.4938 0.460354 0.460354 2 46 5
10.5138 0.4602 0.4602 2 46 5
10.5338 0.460047 0.460047 2 46 5
10.5538 0.459894 0.459894 2 46 5
10.5738 0.459742 0.459742 2 46 5
10.5938 0.459591 0.459591 2 46 5
10.6138 0.459439 0.459439 2 46 5
10.6338 0.459288 0.459288 2 46 5
10.6538 0.459137 0.459137 2 46 5
10.6738 0.458988 0.458988 2 46 5
10.6938 0.458836 0.458836 2 46 5
10.7138 0.458686 0.458686 2 46 5
10.7338 0.458537 0.458537 2 46 5
10.7538 0.458388 0.458388 2 46 5
10.7738 0.458239 0.458239 2 46 5
10.7938 0.458091 0.458091 2 46 5
10.8138 0.457943 0.457943 2 46 5
10.8338 0.457795 0.457795 2 46 5
10.8538 0.457648 0.457648 2 46 5
10.8738 0.4575 0.4575 2 46 5
10.8938 0.457353 0.457353 2 46 5
10.9138 0.457207 0.457207 2 46 5
10.9338 0.457061 0.457061 2 46 5
10.9538 0.456915 0.456915 2 46 5
10.9738 0.45677 0.45677 2 46 5
10.9938 0.456626 0.456626 2 46 5
11.0138 0.45648 0.45648 2 46 5
11.0338 0.456335 0.456335 2 46 5
11.0538 0.456191 0.456191 2 46 5
11.0738 0.456047 0.456047 2 46 5
11.0938 0.455904 0.455904 2 46 5
11.1138 0.455761 0.455761 2 46 5
11.1338 0.455618 0.455618 2 46 5
11.1538 0.455475 0.455475 2 46 5
11.1738 0.455333 0.455333 2 46 5
11.1938 0.455188 0.455188 2 46 5
11.2138 0.455047 0.455047 2 46 5
11.2338 0.454907 0.454907 2 46 5
11.2538 0.454767 0.454767 2 46 5
11.2738 0.454626 0.454626 2 46 5
11.2938 0.454486 0.454486 2 46 5
11.3138 0.454346 0.454346 2 46 5
11.3338 0.454206 0.454206 2 46 5
11.3538 0.454066 0.454066 2 46 5
11.3738 0.453926 0.453926 2 46 5
11.3938 0.453788 0.453788 2 46 5
11.4138 0.453649 0.453649 2 46 5
11.4338 0.453511 0.453511 2 46 5
11.4538 0.453373 0.453373 2 46 5
11.4738 0.453235 0.453235 2 46 5
11.4938 0.453098 0.453098 2 46 5
11.5137 0.452959 0.452959 2 46 5
11.5337 0.452822 0.452822 2 46 5
11.5537 0.452687 0.452687 2 46 5
11.5737 0.452551 0.452551 2 46 5
11.5937 0.452415 0.452415 2 46 5
11.6137 0.452279 0.452279 2 46 5
11.6337 0.452143 0.452143 2 46 5
11.6537 0.452008 0.452008 2 46 5
11.6737 0.451873 0.451873 2 46 5
11.6937 0.451739 0.451739 2 46 5
11.7137 0.451604 0.451604 2 46 5
11.7337 0.45147 0.45147 2 46 5
11.7537 0.451337 0.451337 2 46 5
11.7737 0.451203 0.451203 2 46 5
11.7937 0.45107 0.45107 2 46 5
11.8137 0.450936 0.450936 2 46 5
11.8337 0.450803 0.450803 2 46 5
11.8537 0.450672 0.450672 2 46 5
11.8737 0.45054 0.45054 2 46 5
11.8937 0.450408 0.450408 2 46 5
11.9137 0.450275 0.450275 2 46 5
11.9337 0.450144 0.450144 2 46 5
11.9537 0.450014 0.450014 2 46 5
11.9737 0.449883 0.449883 2 46 5
11.9937 0.449753 0.449753 2 46 5
12.0137 0.44962 0.44962 2 46 5
12.0337 0.449491 0.449491 2 46 5
12.0537 0.449362 0.449362 2 46 5
12.0737 0.449234 0.449234 2 46 5
12.0937 0.449099 0.449099 2 46 5
12.1137 0.448972 0.448972 2 46 5
12.1337 0.448846 0.448846 2 46 5
12.1537 0.448719 0.448719 2 46 5
12.1737 0.448591 0.448591 2 46 5
12.1937 0.448462 0.448462 2 46 5
12.2137 0.448336 0.448336 2 46 5
12.2337 0.448207 0.448207 2 46 5
12.2537 0.448079 0.448079 2 46 5
12.2737 0.447952 0.447952 2 46 5
12.2937 0.447826 0.447826 2 46 5
12.3137 0.4477 0.4477 2 46 5
12.3337 0.447574 0.447574 2 46 5
12.3537 0.447448 0.447448 2 46 5
12.3737 0.44732 0.44732 2 46 5
12.3937 0.447196 0.447196 2 46 5
12.4137 0.447071 0.447071 2 46 5
12.4337 0.446947 0.446947 2 46 5
12.4537 0.446823 0.446823 2 46 5
12.4737 0.446698 0.446698 2 46 5
12.4937 0.446588 0.446588 2 46 5
12.5137 0.446456 0.446456 2 46 5
12.5337 0.446325 0.446325 2 46 5
12.5537 0.446198 0.446198 2 46 5
12.5737 0.446075 0.446075 2 46 5
12.5937 0.445954 0.445954 2 46 5
12.6137 0.445833 0.445833 2 46 5
12.6337 0.445712 0.445712 2 46 5
12.6537 0.445589 0.445589 2 46 5
12.6737 0.445466 0.445466 2 46 5
12.6937 0.445345 0.445345 2 46 5
12.7137 0.445223 0.445223 2 46 5
12.7337 0.445101 0.445101 2 46 5
12.7537 0.44498 0.44498 2 46 5
12.7737 0.44486 0.44486 2 46 5
12.7937 0.444739 0.444739 2 46 5
12.8137 0.444619 0.444619 2 46 5
12.8337 0.444498 0.444498 2 46 5
12.8537 0.444379 0.444379 2 46 5
12.8737 0.444259 0.444259 2 46 5
12.8937 0.444183 0.444183 2 46 5
12.9137 0.444041 0.444041 2 46 5
12.9337 0.4439 0.4439 2 46 5
12.9537 0.443771 0.443771 2 46 5
12.9737 0.443652 0.443652 2 46 5
12.9937 0.443539 0.443539 2 46 5
13.0137 0.443427 0.443427 2 46 5
13.0337 0.443311 0.443311 2 46 5
13.0537 0.443194 0.443194 2 46 5
13.0737 0.443075 0.443075 2 46 5
13.0937 0.442956 0.442956 2 46 5
13.1137 0.442838 0.442838 2 46 5
13.1337 0.442721 0.442721 2 46 5
13.1537 0.442605 0.442605 2 46 5
13.1737 0.442489 0.442489 2 46 5
13.1937 0.442373 0.442373 2 46 5
13.2137 0.442257 0.442257 2 46 5
13.2337 0.442141 0.442141 2 46 5
13.2537 0.442025 0.442025 2 46 5
13.2737 0.44191 0.44191 2 46 5
13.2937 0.441795 0.441795 2 46 5
13.3137 0.44168 0.44168 2 46 5
13.3337 0.441565 0.441565 2 46 5
13.3537 0.441451 0.441451 2 46 5
13.3737 0.441336 0.441336 2 46 5
13.3937 0.441222 0.441222 2 46 5
13.4137 0.441108 0.441108 2 46 5
13.4337 0.440994 0.440994 2 46 5
13.4537 0.440881 0.440881 2 46 5
13.4737 0.440768 0.440768 2 46 5
13.4937 0.440655 0.440655 2 46 5
13.5137 0.440542 0.440542 2 46 5
13.5337 0.440429 0.440429 2 46 5
13.5537 0.440316 0.440316 2 46 5
13.5737 0.440204 0.440204 2 46 5
13.5937 0.440092 0.440092 2 46 5
13.6137 0.43998 0.43998 2 46 5
13.6337 0.439869 0.439869 2 46 5
13.6537 0.439757 0.439757 2 46 5
13.6737 0.439646 0.439646 2 46 5
13.6937 0.439534 0.439534 2 46 5
13.7137 0.439423 0.439423 2 46 5
13.7337 0.439313 0.439313 2 46 5
13.7537 0.439202 0.439202 2 46 5
13.7737 0.439092 0.439092 2 46 5
13.7937 0.438982 0.438982 2 46 5
13.8137 0.438872 0.438872 2 46 5
13.8337 0.438763 0.438763 2 46 5
13.8537 0.438652 0.438652 2 46 5
13.8737 0.438543 0.438543 2 46 5
13.8937 0.438434 0.438434 2 46 5
13.9137 0.438325 0.438325 2 46 5
13.9337 0.438216 0.438216 2 46 5
13.9537 0.438108 0.438108 2 46 5
13.9737 0.438007 0.438007 2 46 5
13.9937 0.437895 0.437895 2 46 5
14.0137 0.437783 0.437783 2 46 5
14.0337 0.437673 0.437673 2 46 5
14.0537 0.437565 0.437565 2 46 5
14.0737 0.437459 0.437459 2 46 5
14.0937 0.437353 0.437353 2 46 5
14.1137 0.437246 0.437246 2 46 5
14.1337 0.437139 0.437139 2 46 5
14.1537 0.437031 0.437031 2 46 5
14.1737 0.436925 0.436925 2 46 5
14.1937 0.436819 0.436819 2 46 5
14.2137 0.436713 0.436713 2 46 5
14.2337 0.436607 0.436607 2 46 5
14.2537 0.436503 0.436503 2 46 5
14.2737 0.436396 0.436396 2 46 5
14.2937 0.436289 0.436289 2 46 5
14.3137 0.436184 0.436184 2 46 5
14.3337 0.436079 0.436079 2 46 5
14.3537 0.435974 0.435974 2 46 5
14.3737 0.43587 0.43587 2 46 5
14.3937 0.435765 0.435765 2 46 5
14.4137 0.435661 0.435661 2 46 5
14.4337 0.435556 0.435556 2 46 5
14.4537 0.435452 0.435452 2 46 5
14.4737 0.435348 0.435348 2 46 5
14.4937 0.435245 0.435245 2 46 5
14.5137 0.435141 0.435141 2 46 5
14.5337 0.435038 0.435038 2 46 5
14.5537 0.434935 0.434935 2 46 5
14.5737 0.434832 0.434832 2 46 5
14.5937 0.434729 0.434729 2 46 5
14.6137 0.434626 0.434626 2 46 5
14.6337 0.434523 0.434523 2 46 5
14.6537 0.434421 0.434421 2 46 5
14.6737 0.434319 0.434319 2 46 5
14.6937 0.434217 0.434217 2 46 5
14.7137 0.434115 0.434115 2 46 5
14.7337 0.434013 0.434013 2 46 5
14.7537 0.433914 0.433914 2 46 5
14.7737 0.433811 0.433811 2 46 5
14.7937 0.433709 0.433709 2 46 5
14.8137 0.433607 0.433607 2 46 5
14.8337 0.433507 0.433507 2 46 5
14.8537 0.433406 0.433406 2 46 5
14.8737 0.433306 0.433306 2 46 5
14.8937 0.433206 0.433206 2 46 5
14.9137 0.433106 0.433106 2 46 5
14.9337 0.433005 0.433005 2 46 5
14.9537 0.432906 0.432906 2 46 5
14.9737 0.432806 0.432806 2 46 5
14.9937 0.432706 0.432706 2 46 5
15.0137 0.432607 0.432607 2 46 5
15.0337 0.432507 0.432507 2 46 5
15.0537 0.432408 0.432408 2 46 5
15.0737 0.43231 0.43231 2 46 5
15.0937 0.432211 0.432211 2 46 5
15.1137 0.432112 0.432112 2 46 5
15.1337 0.432014 0.432014 2 46 5
15.1537 0.431916 0.431916 2 46 5
15.1737 0.431816 0.431816 2 46 5
15.1937 0.431718 0.431718 2 46 5
15.2137 0.431621 0.431621 2 46 5
15.2337 0.431524 0.431524 2 46 5
15.2537 0.431427 0.431427 2 46 5
15.2737 0.431329 0.431329 2 46 5
15.2937 0.431231 0.431231 2 46 5
15.3137 0.431134 0.431134 2 46 5
15.3337 0.431037 0.431037 2 46 5
15.3537 0.430941 0.430941 2 46 5
15.3737 0.430844 0.430844 2 46 5
15.3937 0.430748 0.430748 2 46 5
15.4137 0.430652 0.430652 2 46 5
15.4337 0.430555 0.430555 2 46 5
15.4537 0.430459 0.430459 2 46 5
15.4737 0.430363 0.430363 2 46 5
15.4937 0.430268 0.430268 2 46 5
15.5137 0.430172 0.430172 2 46 5
15.5337 0.430077 0.430077 2 46 5
15.5537 0.429984 0.429984 2 46 5
15.5737 0.429888 0.429888 2 46 5
15.5937 0.429791 0.429791 2 46 5
15.6137 0.429696 0.429696 2 46 5
15.6337 0.429601 0.429601 2 46 5
15.6537 0.429507 0.429507 2 46 5
15.6737 0.429413 0.429413 2 46 5
15.6937 0.429319 0.429319 2 46 5
15.7137 0.429251 0.429251 2 46 5
15.7337 0.429144 0.429144 2 46 5
15.7537 0.429037 0.429037 2 46 5
15.7737 0.428937 0.428937 2 46 5
15.7937 0.428843 0.428843 2 46 5
15.8137 0.428753 0.428753 2 46 5
15.8337 0.428663 0.428663 2 46 5
15.8537 0.428572 0.428572 2 46 5
15.8737 0.428479 0.428479 2 46 5
15.8937 0.428385 0.428385 2 46 5
15.9137 0.428292 0.428292 2 46 5
15.9337 0.428199 0.428199 2 46 5
15.9537 0.428107 0.428107 2 46 5
15.9737 0.428014 0.428014 2 46 5
15.9937 0.427923 0.427923 2 46 5
16.0137 0.427831 0.427831 2 46 5
16.0337 0.427739 0.427739 2 46 5
16.0537 0.427647 0.427647 2 46 5
16.0737 0.427555 0.427555 2 46 5
16.0937 0.427464 0.427464 2 46 5
16.1137 0.427373 0.427373 2 46 5
16.1337 0.427282 0.427282 2 46 5
16.1537 0.427191 0.427191 2 46 5
16.1737 0.4271 0.4271 2 46 5
16.1937 0.427009 0.427009 2 46 5
16.2137 0.426918 0.426918 2 46 5
16.2337 0.426828 0.426828 2 46 5
16.2537 0.426738 0.426738 2 46 5
16.2737 0.426647 0.426647 2 46 5
16.2937 0.426557 0.426557 2 46 5
16.3137 0.426468 0.426468 2 46 5
16.3337 0.426378 0.426378 2 46 5
16.3537 0.426288 0.426288 2 46 5
16.3737 0.426198 0.426198 2 46 5
16.3937 0.426109 0.426109 2 46 5
16.4137 0.42602 0.42602 2 46 5
16.4337 0.425931 0.425931 2 46 5
16.4537 0.425842 0.425842 2 46 5
16.4737 0.425753 0.425753 2 46 5
16.4937 0.425664 0.425664 2 46 5
16.5137 0.425576 0.425576 2 46 5
16.5337 0.425486 0.425486 2 46 5
16.5537 0.425398 0.425398 2 46 5
16.5737 0.42531 0.42531 2 46 5
16.5937 0.425222 0.425222 2 46 5
16.6137 0.425134 0.425134 2 46 5
16.6337 0.425046 0.425046 2 46 5
16.6537 0.424958 0.424958 2 46 5
16.6737 0.424871 0.424871 2 46 5
16.6937 0.424783 0.424783 2 46 5
16.7137 0.424696 0.424696 2 46 5
16.7337 0.424609 0.424609 2 46 5
16.7537 0.424522 0.424522 2 46 5
16.7737 0.424434 0.424434 2 46 5
16.7937 0.424348 0.424348 2 46 5
16.8137 0.424261 0.424261 2 46 5
16.8337 0.424175 0.424175 2 46 5
16.8537 0.424088 0.424088 2 46 5
16.8737 0.424001 0.424001 2 46 5
16.8937 0.423915 0.423915 2 46 5
16.9137 0.423829 0.423829 2 46 5
16.9337 0.423744 0.423744 2 46 5
16.9537 0.423659 0.423659 2 46 5
16.9737 0.423573 0.423573 2 46 5
16.9937 0.423486 0.423486 2 46 5
17.0137 0.4234 0.4234 2 46 5
17.0337 0.423315 0.423315 2 46 5
17.0537 0.42323 0.42323 2 46 5
17.0737 0.423145 0.423145 2 46 5
17.0937 0.42306 0.42306 2 46 5
17.1137 0.422975 0.422975 2 46 5
17.1337 0.42289 0.42289 2 46 5
17.1537 0.422806 0.422806 2 46 5
17.1737 0.422721 0.422721 2 46 5
17.1937 0.422637 0.422637 2 46 5
17.2137 0.422552 0.422552 2 46 5
17.2337 0.422468 0.422468 2 46 5
17.2537 0.422384 0.422384 2 46 5
17.2737 0.4223 0.4223 2 46 5
17.2937 0.422216 0.422216 2 46 5
17.3137 0.422133 0.422133 2 46 5
17.3337 0.422049 0.422049 2 46 5
17.3537 0.421966 0.421966 2 46 5
17.3737 0.421882 0.421882 2 46 5
17.3937 0.421799 0.421799 2 46 5
17.4137 0.421715 0.421715 2 46 5
17.4337 0.421632 0.421632 2 46 5
17.4537 0.42155 0.42155 2 46 5
17.4737 0.421467 0.421467 2 46 5
17.4937 0.421384 0.421384 2 46 5
17.5137 0.421302 0.421302 2 46 5
17.5337 0.42122 0.42122 2 46 5
17.5537 0.421137 0.421137 2 46 5
17.5737 0.421055 0.421055 2 46 5
17.5937 0.420972 0.420972 2 46 5
17.6137 0.42089 0.42089 2 46 5
17.6337 0.420809 0.420809 2 46 5
17.6537 0.420727 0.420727 2 46 5
17.6737 0.420645 0.420645 2 46 5
17.6937 0.420564 0.420564 2 46 5
17.7137 0.420482 0.420482 2 46 5
17.7337 0.420401 0.420401 2 46 5
17.7537 0.42032 0.42032 2 46 5
17.7737 0.420238 0.420238 2 46 5
17.7937 0.420157 0.420157 2 46 5
17.8137 0.420076 0.420076 2 46 5
17.8337 0.419996 0.419996 2 46 5
17.8537 0.419915 0.419915 2 46 5
17.8737 0.419834 0.419834 2 46 5
17.8937 0.419754 0.419754 2 46 5
17.9137 0.419674 0.419674 2 46 5
17.9337 0.419593 0.419593 2 46 5
17.9537 0.419514 0.419514 2 46 5
17.9737 0.419433 0.419433 2 46 5
17.9937 0.419353 0.419353 2 46 5
18.0137 0.419273 0.419273 2 46 5
18.0337 0.419193 0.419193 2 46 5
18.0537 0.419114 0.419114 2 46 5
18.0737 0.419035 0.419035 2 46 5
18.0937 0.418956 0.418956 2 46 5
18.1137 0.418876 0.418876 2 46 5
18.1337 0.418796 0.418796 2 46 5
18.1537 0.418717 0.418717 2 46 5
18.1737 0.418638 0.418638 2 46 5
18.1937 0.418559 0.418559 2 46 5
18.2137 0.418481 0.418481 2 46 5
18.2337 0.418402 0.418402 2 46 5
18.2537 0.418324 0.418324 2 46 5
18.2737 0.418245 0.418245 2 46 5
18.2937 0.418167 0.418167 2 46 5
18.3137 0.418088 0.418088 2 46 5
18.3337 0.41801 0.41801 2 46 5
18.3537 0.417932 0.417932 2 46 5
18.3737 0.417854 0.417854 2 46 5
18.3937 0.417776 0.417776 2 46 5
18.4137 0.417699 0.417699 2 46 5
18.4337 0.417621 0.417621 2 46 5
18.4537 0.417543 0.417543 2 46 5
18.4737 0.417466 0.417466 2 46 5
18.4937 0.417389 0.417389 2 46 5
18.5137 0.417311 0.417311 2 46 5
18.5337 0.417234 0.417234 2 46 5
18.5537 0.417157 0.417157 2 46 5
18.5737 0.41708 0.41708 2 46 5
18.5937 0.417003 0.417003 2 46 5
18.6137 0.416926 0.416926 2 46 5
18.6337 0.41685 0.41685 2 46 5
18.6537 0.416773 0.416773 2 46 5
18.6737 0.416697 0.416697 2 46 5
18.6937 0.416621 0.416621 2 46 5
18.7137 0.416542 0.416542 2 46 5
18.7337 0.416467 0.416467 2 46 5
18.7537 0.416392 0.416392 2 46 5
18.7737 0.416317 0.416317 2 46 5
18.7937 0.416241 0.416241 2 46 5
18.8137 0.416165 0.416165 2 46 5
18.8337 0.416088 0.416088 2 46 5
18.8537 0.416013 0.416013 2 46 5
18.8737 0.415938 0.415938 2 46 5
18.8937 0.415862 0.415862 2 46 5
18.9137 0.415787 0.415787 2 46 5
18.9337 0.415711 0.415711 2 46 5
18.9537 0.415636 0.415636 2 46 5
18.9737 0.415562 0.415562 2 46 5
18.9937 0.415487 0.415487 2 46 5
19.0137 0.415412 0.415412 2 46 5
19.0337 0.415336 0.415336 2 46 5
19.0537 0.415262 0.415262 2 46 5
19.0737 0.415188 0.415188 2 46 5
19.0937 0.415114 0.415114 2 46 5
19.1137 0.415039 0.415039 2 46 5
19.1337 0.414965 0.414965 2 46 5
19.1537 0.414891 0.414891 2 46 5
19.1737 0.414817 0.414817 2 46 5
19.1937 0.414743 0.414743 2 46 5
19.2137 0.414669 0.414669 2 46 5
19.2337 0.414595 0.414595 2 46 5
19.2537 0.414521 0.414521 2 46 5
19.2737 0.414448 0.414448 2 46 5
19.2937 0.414374 0.414374 2 46 5
19.3137 0.414301 0.414301 2 46 5
19.3337 0.414227 0.414227 2 46 5
19.3537 0.414154 0.414154 2 46 5
19.3737 0.414075 0.414075 2 46 5
19.3937 0.414005 0.414005 2 46 5
19.4137 0.413935 0.413935 2 46 5
19.4337 0.413863 0.413863 2 46 5
19.4537 0.413791 0.413791 2 46 5
19.4737 0.413717 0.413717 2 46 5
19.4937 0.413644 0.413644 2 46 5
19.5137 0.413571 0.413571 2 46 5
19.5337 0.413499 0.413499 2 46 5
19.5537 0.413426 0.413426 2 46 5
19.5737 0.413354 0.413354 2 46 5
19.5937 0.413282 0.413282 2 46 5
19.6137 0.41321 0.41321 2 46 5
19.6336 0.413138 0.413138 2 46 5
19.6536 0.413066 0.413066 2 46 5
19.6736 0.412994 0.412994 2 46 5
19.6936 0.412923 0.412923 2 46 5
19.7136 0.412851 0.412851 2 46 5
19.7336 0.412779 0.412779 2 46 5
19.7536 0.412708 0.412708 2 46 5
19.7736 0.412637 0.412637 2 46 5
19.7936 0.412565 0.412565 2 46 5
19.8136 0.412494 0.412494 2 46 5
19.8336 0.412423 0.412423 2 46 5
19.8536 0.412352 0.412352 2 46 5
19.8736 0.412281 0.412281 2 46 5
19.8936 0.41221 0.41221 2 46 5
19.9136 0.412139 0.412139 2 46 5
19.9336 0.412069 0.412069 2 46 5
19.9536 0.411998 0.411998 2 46 5
19.9736 0.411928 0.411928 2 46 5
19.9936 0.411857 0.411857 2 46 5
20.0136 0.411787 0.411787 2 46 5
20.0336 0.411716 0.411716 2 46 5
20.0536 0.411646 0.411646 2 46 5
20.0736 0.411576 0.411576 2 46 5
20.0936 0.411506 0.411506 2 46 5
20.1136 0.411436 0.411436 2 46 5
20.1336 0.411366 0.411366 2 46 5
20.1536 0.411296 0.411296 2 46 5
20.1736 0.411228 0.411228 2 46 5
20.1936 0.411158 0.411158 2 46 5
20.2136 0.411087 0.411087 2 46 5
20.2336 0.411017 0.411017 2 46 5
20.2536 0.410948 0.410948 2 46 5
20.2736 0.410879 0.410879 2 46 5
20.2936 0.41081 0.41081 2 46 5
20.3136 0.410741 0.410741 2 46 5
20.3336 0.410671 0.410671 2 46 5
20.3536 0.410603 0.410603 2 46 5
20.3736 0.410534 0.410534 2 46 5
20.3936 0.410465 0.410465 2 46 5
20.4136 0.410383 0.410383 2 46 5
20.4336 0.410321 0.410321 2 46 5
20.4536 0.410259 0.410259 2 46 5
20.4736 0.410194 0.410194 2 46 5
20.4936 0.410126 0.410126 2 46 5
20.5136 0.410056 0.410056 2 46 5
20.5336 0.409986 0.409986 2 46 5
20.5536 0.409917 0.409917 2 46 5
20.5736 0.409849 0.409849 2 46 5
20.5936 0.409781 0.409781 2 46 5
20.6136 0.409714 0.409714 2 46 5
20.6336 0.409646 0.409646 2 46 5
20.6536 0.409578 0.409578 2 46 5
20.6736 0.409508 0.409508 2 46 5
20.6936 0.409442 0.409442 2 46 5
20.7136 0.409375 0.409375 2 46 5
20.7336 0.409308 0.409308 2 46 5
20.7536 0.409241 0.409241 2 46 5
20.7736 0.409173 0.409173 2 46 5
20.7936 0.409106 0.409106 2 46 5
20.8136 0.409039 0.409039 2 46 5
20.8336 0.408972 0.408972 2 46 5
20.8536 0.408905 0.408905 2 46 5
20.8736 0.408838 0.408838 2 46 5
20.8936 0.408771 0.408771 2 46 5
20.9136 0.408704 0.408704 2 46 5
20.9336 0.408637 0.408637 2 46 5
20.9536 0.408571 0.408571 2 46 5
20.9736 0.408504 0.408504 2 46 5
20.9936 0.408438 0.408438 2 46 5
21.0136 0.408372 0.408372 2 46 5
21.0336 0.408305 0.408305 2 46 5
21.0536 0.408239 0.408239 2 46 5
21.0736 0.408173 0.408173 2 46 5
21.0936 0.408107 0.408107 2 46 5
21.1136 0.408041 0.408041 2 46 5
21.1336 0.407975 0.407975 2 46 5
21.1536 0.407909 0.407909 2 46 5
21.1736 0.407843 0.407843 2 46 5
21.1936 0.407778 0.407778 2 46 5
21.2136 0.407712 0.407712 2 46 5
21.2336 0.407646 0.407646 2 46 5
21.2536 0.407581 0.407581 2 46 5
21.2736 0.407515 0.407515 2 46 5
21.2936 0.40745 0.40745 2 46 5
21.3136 0.407385 0.407385 2 46 5
21.3336 0.40732 0.40732 2 46 5
21.3536 0.407255 0.407255 2 46 5
21.3736 0.407189 0.407189 2 46 5
21.3936 0.407125 0.407125 2 46 5
21.4136 0.40706 0.40706 2 46 5
21.4336 0.406995 0.406995 2 46 5
21.4536 0.40693 0.40693 2 46 5
21.4736 0.406865 0.406865 2 46 5
21.4936 0.406801 0.406801 2 46 5
21.5136 0.406736 0.406736 2 46 5
21.5336 0.406672 0.406672 2 46 5
21.5536 0.406607 0.406607 2 46 5
21.5736 0.406543 0.406543 2 46 5
21.5936 0.406479 0.406479 2 46 5
21.6136 0.406415 0.406415 2 46 5
21.6336 0.40635 0.40635 2 46 5
21.6536 0.406286 0.406286 2 46 5
21.6736 0.406222 0.406222 2 46 5
21.6936 0.406158 0.406158 2 46 5
21.7136 0.406095 0.406095 2 46 5
21.7336 0.406031 0.406031 2 46 5
21.7536 0.405967 0.405967 2 46 5
21.7736 0.405904 0.405904 2 46 5
21.7936 0.40584 0.40584 2 46 5
21.8136 0.405776 0.405776 2 46 5
21.8336 0.405713 0.405713 2 46 5
21.8536 0.40565 0.40565 2 46 5
21.8736 0.405587 0.405587 2 46 5
21.8936 0.405523 0.405523 2 46 5
21.9136 0.40546 0.40546 2 46 5
21.9336 0.405397 0.405397 2 46 5
21.9536 0.405334 0.405334 2 46 5
21.9736 0.405271 0.405271 2 46 5
21.9936 0.405208 0.405208 2 46 5
22.0136 0.405142 0.405142 2 46 5
19.3046 0.6 0.6 2 27 3
19.3446 0.599787 0.599787 2 27 3
19.3646 0.599681 0.599681 2 27 3
19.3846 0.599575 0.599575 2 27 3
19.4046 0.59947 0.59947 2 27 3
19.4246 0.599364 0.599364 2 27 3
19.4446 0.599259 0.599259 2 27 3
19.4646 0.599153 0.599153 2 27 3
19.4846 0.599048 0.599048 2 27 3
19.5046 0.598943 0.598943 2 27 3
19.5246 0.598838 0.598838 2 27 3
19.5446 0.598733 0.598733 2 27 3
19.5646 0.598628 0.598628 2 27 3
19.5846 0.598524 0.598524 2 27 3
19.6046 0.598419 0.598419 2 27 3
19.6246 0.598315 0.598315 2 27 3
19.6446 0.598211 0.598211 2 27 3
19.6646 0.598107 0.598107 2 27 3
19.6846 0.598003 0.598003 2 27 3
19.7046 0.597899 0.597899 2 27 3
19.7246 0.597795 0.597795 2 27 3
19.7446 0.597692 0.597692 2 27 3
19.7646 0.597588 0.597588 2 27 3
19.7846 0.597485 0.597485 2 27 3
19.8046 0.597382 0.597382 2 27 3
19.8246 0.597279 0.597279 2 27 3
19.8446 0.597176 0.597176 2 27 3
19.8646 0.597073 0.597073 2 27 3
19.8846 0.59697 0.59697 2 27 3
19.9046 0.596868 0.596868 2 27 3
19.9246 0.596765 0.596765 2 27 3
19.9446 0.596663 0.596663 2 27 3
19.9646 0.596561 0.596561 2 27 3
19.9846 0.596459 0.596459 2 27 3
20.0046 0.596357 0.596357 2 27 3
20.0246 0.596255 0.596255 2 27 3
20.0446 0.596153 0.596153 2 27 3
20.0646 0.596052 0.596052 2 27 3
20.0846 0.59595 0.59595 2 27 3
20.1046 0.595849 0.595849 2 27 3
20.1246 0.595748 0.595748 2 27 3
20.1446 0.595646 0.595646 2 27 3
20.1646 0.595546 0.595546 2 27 3
20.1846 0.595445 0.595445 2 27 3
20.2046 0.595344 0.595344 2 27 3
20.2246 0.595243 0.595243 2 27 3
20.2446 0.595143 0.595143 2 27 3
20.2646 0.595042 0.595042 2 27 3
20.2846 0.594942 0.594942 2 27 3
20.3046 0.594842 0.594842 2 27 3
20.3246 0.594742 0.594742 2 27 3
20.3446 0.594642 0.594642 2 27 3
20.3646 0.594542 0.594542 2 27 3
20.3846 0.594442 0.594442 2 27 3
20.4046 0.594343 0.594343 2 27 3
20.4246 0.594243 0.594243 2 27 3
20.4446 0.594144 0.594144 2 27 3
20.4646 0.594045 0.594045 2 27 3
20.4846 0.593946 0.593946 2 27 3
20.5046 0.593847 0.593847 2 27 3
20.5246 0.593748 0.593748 2 27 3
20.5446 0.593649 0.593649 2 27 3
20.5646 0.593551 0.593551 2 27 3
20.5846 0.593452 0.593452 2 27 3
20.6046 0.593354 0.593354 2 27 3
20.6246 0.593255 0.593255 2 27 3
20.6446 0.593157 0.593157 2 27 3
20.6646 0.593059 0.593059 2 27 3
20.6846 0.592961 0.592961 2 27 3
20.7046 0.592863 0.592863 2 27 3
20.7246 0.592766 0.592766 2 27 3
20.7446 0.592668 0.592668 2 27 3
20.7646 0.59257 0.59257 2 27 3
20.7846 0.592473 0.592473 2 27 3
20.8046 0.592376 0.592376 2 27 3
20.8246 0.592279 0.592279 2 27 3
20.8446 0.592181 0.592181 2 27 3
20.8646 0.592085 0.592085 2 27 3
20.8846 0.591988 0.591988 2 27 3
20.9046 0.591891 0.591891 2 27 3
20.9246 0.591794 0.591794 2 27 3
20.9446 0.591698 0.591698 2 27 3
20.9646 0.591601 0.591601 2 27 3
20.9846 0.591505 0.591505 2 27 3
21.0046 0.591409 0.591409 2 27 3
21.0246 0.591313 0.591313 2 27 3
21.0446 0.591217 0.591217 2 27 3
21.0646 0.591121 0.591121 2 27 3
21.0846 0.591025 0.591025 2 27 3
21.1046 0.59093 0.59093 2 27 3
21.1246 0.590834 0.590834 2 27 3
21.1446 0.590739 0.590739 2 27 3
21.1646 0.590644 0.590644 2 27 3
21.1846 0.590548 0.590548 2 27 3
21.2046 0.590453 0.590453 2 27 3
21.2246 0.590358 0.590358 2 27 3
21.2446 0.590263 0.590263 2 27 3
21.2646 0.590169 0.590169 2 27 3
21.2846 0.590074 0.590074 2 27 3
21.3046 0.589979 0.589979 2 27 3
21.3246 0.589885 0.589885 2 27 3
21.3446 0.589791 0.589791 2 27 3
21.3646 0.589696 0.589696 2 27 3
21.3846 0.589602 0.589602 2 27 3
21.4046 0.589508 0.589508 2 27 3
21.4246 0.589414 0.589414 2 27 3
21.4446 0.58932 0.58932 2 27 3
21.4646 0.589227 0.589227 2 27 3
21.4846 0.589133 0.589133 2 27 3
21.5046 0.58904 0.58904 2 27 3
21.5246 0.588946 0.588946 2 27 3
21.5446 0.588853 0.588853 2 27 3
21.5646 0.58876 0.58876 2 27 3
21.5846 0.588667 0.588667 2 27 3
21.6046 0.588574 0.588574 2 27 3
21.6246 0.588481 0.588481 2 27 3
21.6446 0.588388 0.588388 2 27 3
21.6646 0.588295 0.588295 2 27 3
21.6846 0.588203 0.588203 2 27 3
21.7046 0.58811 0.58811 2 27 3
21.7246 0.588018 0.588018 2 27 3
21.7446 0.587925 0.587925 2 27 3
21.7646 0.587833 0.587833 2 27 3
21.7846 0.587741 0.587741 2 27 3
21.8046 0.587649 0.587649 2 27 3
21.8246 0.587557 0.587557 2 27 3
21.8446 0.587466 0.587466 2 27 3
21.8646 0.587374 0.587374 2 27 3
21.8846 0.587282 0.587282 2 27 3
21.9046 0.587191 0.587191 2 27 3
21.9246 0.5871 0.5871 2 27 3
21.9446 0.587008 0.587008 2 27 3
21.9646 0.586917 0.586917 2 27 3
21.9846 0.586826 0.586826 2 27 3
22.0046 0.586735 0.586735 2 27 3
19.3046 0.6 0.6 2 27 3
19.2645 0.600213 0.600213 2 27 3
19.2445 0.60032 0.60032 2 27 3
19.2245 0.600426 0.600426 2 27 3
19.2045 0.600533 0.600533 2 27 3
19.1845 0.60064 0.60064 2 27 3
19.1645 0.600748 0.600748 2 27 3
19.1445 0.600855 0.600855 2 27 3
19.1245 0.600962 0.600962 2 27 3
19.1045 0.60107 0.60107 2 27 3
19.0845 0.601178 0.601178 2 27 3
19.0645 0.601286 0.601286 2 27 3
19.0445 0.601394 0.601394 2 27 3
19.0245 0.601502 0.601502 2 27 3
19.0045 0.60161 0.60161 2 27 3
18.9845 0.601718 0.601718 2 27 3
18.9645 0.601827 0.601827 2 27 3
18.9445 0.601936 0.601936 2 27 3
18.9245 0.602044 0.602044 2 27 3
18.9045 0.602153 0.602153 2 27 3
18.8845 0.602263 0.602263 2 27 3
18.8645 0.602372 0.602372 2 27 3
18.8445 0.602481 0.602481 2 27 3
18.8245 0.602591 0.602591 2 27 3
18.8045 0.6027 0.6027 2 27 3
18.7845 0.60281 0.60281 2 27 3
18.7645 0.60292 0.60292 2 27 3
18.7445 0.60303 0.60303 2 27 3
18.7245 0.60314 0.60314 2 27 3
18.7045 0.603251 0.603251 2 27 3
18.6845 0.603361 0.603361 2 27 3
18.6645 0.603472 0.603472 2 27 3
18.6445 0.603583 0.603583 2 27 3
18.6245 0.603694 0.603694 2 27 3
18.6045 0.603805 0.603805 2 27 3
18.5845 0.603916 0.603916 2 27 3
18.5645 0.604027 0.604027 2 27 3
18.5445 0.604139 0.604139 2 27 3
18.5245 0.60425 0.60425 2 27 3
18.5045 0.604362 0.604362 2 27 3
18.4845 0.604474 0.604474 2 27 3
18.4645 0.604586 0.604586 2 27 3
18.4445 0.604698 0.604698 2 27 3
18.4245 0.604811 0.604811 2 27 3
18.4045 0.604923 0.604923 2 27 3
18.3845 0.605036 0.605036 2 27 3
18.3645 0.605149 0.605149 2 27 3
18.3445 0.605262 0.605262 2 27 3
18.3245 0.605375 0.605375 2 27 3
18.3045 0.605488 0.605488 2 27 3
18.2845 0.605601 0.605601 2 27 3
18.2645 0.605715 0.605715 2 27 3
18.2445 0.605829 0.605829 2 27 3
18.2245 0.605943 0.605943 2 27 3
18.2045 0.606057 0.606057 2 27 3
18.1845 0.606171 0.606171 2 27 3
18.1645 0.606285 0.606285 2 27 3
18.1445 0.6064 0.6064 2 27 3
18.1245 0.606514 0.606514 2 27 3
18.1045 0.606629 0.606629 2 27 3
18.0845 0.606744 0.606744 2 27 3
18.0645 0.606859 0.606859 2 27 3
18.0445 0.606974 0.606974 2 27 3
18.0245 0.607089 0.607089 2 27 3
18.0045 0.607205 0.607205 2 27 3
17.9845 0.607321 0.607321 2 27 3
17.9645 0.607436 0.607436 2 27 3
17.9445 0.607552 0.607552 2 27 3
17.9245 0.607669 0.607669 2 27 3
17.9045 0.607785 0.607785 2 27 3
17.8845 0.607901 0.607901 2 27 3
17.8645 0.608018 0.608018 2 27 3
17.8445 0.608135 0.608135 2 27 3
17.8245 0.608252 0.608252 2 27 3
17.8045 0.608369 0.608369 2 27 3
17.7845 0.608486 0.608486 2 27 3
17.7646 0.608603 0.608603 2 27 3
17.7446 0.608721 0.608721 2 27 3
17.7246 0.608839 0.608839 2 27 3
17.7046 0.608956 0.608956 2 27 3
17.6846 0.609074 0.609074 2 27 3
17.6646 0.609193 0.609193 2 27 3
17.6446 0.609311 0.609311 2 27 3
17.6246 0.60943 0.60943 2 27 3
17.6046 0.609548 0.609548 2 27 3
17.5846 0.609667 0.609667 2 27 3
17.5646 0.609786 0.609786 2 27 3
17.5446 0.609905 0.609905 2 27 3
17.5246 0.610025 0.610025 2 27 3
17.5046 0.610144 0.610144 2 27 3
17.4846 0.610264 0.610264 2 27 3
17.4646 0.610384 0.610384 2 27 3
17.4446 0.610503 0.610503 2 27 3
17.4246 0.610624 0.610624 2 27 3
17.4046 0.610744 0.610744 2 27 3
17.3846 0.610864 0.610864 2 27 3
17.3646 0.610985 0.610985 2 27 3
17.3446 0.611106 0.611106 2 27 3
17.3246 0.611227 0.611227 2 27 3
17.3046 0.611348 0.611348 2 27 3
17.2846 0.611469 0.611469 2 27 3
17.2646 0.611591 0.611591 2 27 3
17.2446 0.611712 0.611712 2 27 3
17.2246 0.611834 0.611834 2 27 3
17.2046 0.611956 0.611956 2 27 3
17.1846 0.612078 0.612078 2 27 3
17.1646 0.612201 0.612201 2 27 3
17.1446 0.612323 0.612323 2 27 3
17.1246 0.612446 0.612446 2 27 3
17.1046 0.612569 0.612569 2 27 3
17.0846 0.612692 0.612692 2 27 3
17.0646 0.612815 0.612815 2 27 3
17.0446 0.612938 0.612938 2 27 3
17.0246 0.613062 0.613062 2 27 3
17.0046 0.613186 0.613186 2 27 3
16.9846 0.61331 0.61331 2 27 3
16.9646 0.613434 0.613434 2 27 3
16.9446 0.613558 0.613558 2 27 3
16.9246 0.613682 0.613682 2 27 3
16.9046 0.613807 0.613807 2 27 3
16.8846 0.613932 0.613932 2 27 3
16.8646 0.614057 0.614057 2 27 3
16.8446 0.614182 0.614182 2 27 3
16.8246 0.614307 0.614307 2 27 3
16.8046 0.614433 0.614433 2 27 3
16.7846 0.614558 0.614558 2 27 3
16.7646 0.614684 0.614684 2 27 3
16.7446 0.61481 0.61481 2 27 3
16.7246 0.614936 0.614936 2 27 3
16.7046 0.615063 0.615063 2 27 3
16.6846 0.615189 0.615189 2 27 3
16.6646 0.615316 0.615316 2 27 3
16.6446 0.615443 0.615443 2 27 3
16.6246 0.61557 0.61557 2 27 3
16.6046 0.615697 0.615697 2 27 3
16.5846 0.615825 0.615825 2 27 3
16.5646 0.615953 0.615953 2 27 3
16.5446 0.61608 0.61608 2 27 3
16.5246 0.616209 0.616209 2 27 3
16.5046 0.616337 0.616337 2 27 3
16.4846 0.616465 0.616465 2 27 3
16.4646 0.616594 0.616594 2 27 3
16.4446 0.616723 0.616723 2 27 3
16.4246 0.616852 0.616852 2 27 3
16.4046 0.616981 0.616981 2 27 3
16.3846 0.61711 0.61711 2 27 3
16.3646 0.61724 0.61724 2 27 3
16.3446 0.617369 0.617369 2 27 3
16.3246 0.617499 0.617499 2 27 3
16.3046 0.61763 0.61763 2 27 3
16.2846 0.61776 0.61776 2 27 3
16.2646 0.61789 0.61789 2 27 3
16.2446 0.618021 0.618021 2 27 3
16.2246 0.618152 0.618152 2 27 3
16.2046 0.618283 0.618283 2 27 3
16.1846 0.618414 0.618414 2 27 3
16.1646 0.618546 0.618546 2 27 3
16.1446 0.618678 0.618678 2 27 3
16.1246 0.618809 0.618809 2 27 3
16.1046 0.618941 0.618941 2 27 3
16.0846 0.619074 0.619074 2 27 3
16.0646 0.619206 0.619206 2 27 3
16.0446 0.619339 0.619339 2 27 3
16.0246 0.619472 0.619472 2 27 3
16.0046 0.619605 0.619605 2 27 3
15.9846 0.619738 0.619738 2 27 3
15.9646 0.619872 0.619872 2 27 3
15.9446 0.620005 0.620005 2 27 3
15.9246 0.620139 0.620139 2 27 3
15.9046 0.620273 0.620273 2 27 3
15.8846 0.620407 0.620407 2 27 3
15.8646 0.620542 0.620542 2 27 3
15.8446 0.620677 0.620677 2 27 3
15.8246 0.620812 0.620812 2 27 3
15.8046 0.620947 0.620947 2 27 3
15.7846 0.621082 0.621082 2 27 3
15.7646 0.621217 0.621217 2 27 3
15.7446 0.621353 0.621353 2 27 3
15.7246 0.621489 0.621489 2 27 3
15.7046 0.621625 0.621625 2 27 3
15.6846 0.621762 0.621762 2 27 3
15.6646 0.621898 0.621898 2 27 3
15.6446 0.622035 0.622035 2 27 3
15.6246 0.622172 0.622172 2 27 3
15.6046 0.622309 0.622309 2 27 3
15.5846 0.622446 0.622446 2 27 3
15.5646 0.622584 0.622584 2 27 3
15.5446 0.622722 0.622722 2 27 3
15.5246 0.62286 0.62286 2 27 3
15.5046 0.622998 0.622998 2 27 3
15.4846 0.623137 0.623137 2 27 3
15.4646 0.623275 0.623275 2 27 3
15.4446 0.623414 0.623414 2 27 3
15.4246 0.623553 0.623553 2 27 3
15.4046 0.623693 0.623693 2 27 3
15.3846 0.623832 0.623832 2 27 3
15.3646 0.623972 0.623972 2 27 3
15.3446 0.624112 0.624112 2 27 3
15.3246 0.624252 0.624252 2 27 3
15.3046 0.624393 0.624393 2 27 3
15.2846 0.624533 0.624533 2 27 3
15.2646 0.624674 0.624674 2 27 3
15.2446 0.624815 0.624815 2 27 3
15.2246 0.624957 0.624957 2 27 3
15.2046 0.625098 0.625098 2 27 3
15.1846 0.62524 0.62524 2 27 3
15.1646 0.625382 0.625382 2 27 3
15.1446 0.625524 0.625524 2 27 3
15.1246 0.625667 0.625667 2 27 3
15.1046 0.625809 0.625809 2 27 3
15.0846 0.625952 0.625952 2 27 3
15.0646 0.626095 0.626095 2 27 3
15.0446 0.626239 0.626239 2 27 3
15.0246 0.626382 0.626382 2 27 3
15.0046 0.626526 0.626526 2 27 3
14.9846 0.62667 0.62667 2 27 3
14.9646 0.626814 0.626814 2 27 3
14.9446 0.626959 0.626959 2 27 3
14.9246 0.627104 0.627104 2 27 3
14.9046 0.627249 0.627249 2 27 3
14.8846 0.627394 0.627394 2 27 3
14.8646 0.627539 0.627539 2 27 3
14.8446 0.627685 0.627685 2 27 3
14.8246 0.627831 0.627831 2 27 3
14.8046 0.627977 0.627977 2 27 3
14.7846 0.628123 0.628123 2 27 3
14.7646 0.62827 0.62827 2 27 3
14.7446 0.628417 0.628417 2 27 3
14.7246 0.628564 0.628564 2 27 3
14.7046 0.628711 0.628711 2 27 3
14.6846 0.628859 0.628859 2 27 3
14.6646 0.629007 0.629007 2 27 3
14.6446 0.629155 0.629155 2 27 3
14.6246 0.629303 0.629303 2 27 3
14.6046 0.629452 0.629452 2 27 3
14.5846 0.629601 0.629601 2 27 3
14.5646 0.62975 0.62975 2 27 3
14.5446 0.629899 0.629899 2 27 3
14.5246 0.630049 0.630049 2 27 3
14.5046 0.630199 0.630199 2 27 3
14.4846 0.630349 0.630349 2 27 3
14.4646 0.630499 0.630499 2 27 3
14.4446 0.63065 0.63065 2 27 3
14.4246 0.6308 0.6308 2 27 3
14.4046 0.630951 0.630951 2 27 3
14.3846 0.631103 0.631103 2 27 3
14.3646 0.631254 0.631254 2 27 3
14.3446 0.631406 0.631406 2 27 3
14.3246 0.631558 0.631558 2 27 3
14.3046 0.631711 0.631711 2 27 3
14.2846 0.631863 0.631863 2 27 3
14.2646 0.632016 0.632016 2 27 3
14.2446 0.632169 0.632169 2 27 3
14.2246 0.632323 0.632323 2 27 3
14.2046 0.632476 0.632476 2 27 3
14.1846 0.63263 0.63263 2 27 3
14.1646 0.632784 0.632784 2 27 3
14.1446 0.632939 0.632939 2 27 3
14.1246 0.633094 0.633094 2 27 3
14.1046 0.633249 0.633249 2 27 3
14.0846 0.633404 0.633404 2 27 3
14.0646 0.633559 0.633559 2 27 3
14.0446 0.633715 0.633715 2 27 3
14.0246 0.633871 0.633871 2 27 3
14.0046 0.634027 0.634027 2 27 3
13.9846 0.634184 0.634184 2 27 3
13.9646 0.634341 0.634341 2 27 3
13.9446 0.634498 0.634498 2 27 3
13.9246 0.634655 0.634655 2 27 3
13.9046 0.634813 0.634813 2 27 3
13.8846 0.634971 0.634971 2 27 3
13.8646 0.635129 0.635129 2 27 3
13.8446 0.635288 0.635288 2 27 3
13.8246 0.635446 0.635446 2 27 3
13.8046 0.635605 0.635605 2 27 3
13.7846 0.635765 0.635765 2 27 3
13.7646 0.635924 0.635924 2 27 3
13.7446 0.636084 0.636084 2 27 3
13.7246 0.636244 0.636244 2 27 3
13.7046 0.636405 0.636405 2 27 3
13.6846 0.636566 0.636566 2 27 3
13.6646 0.636727 0.636727 2 27 3
13.6446 0.636888 0.636888 2 27 3
13.6246 0.63705 0.63705 2 27 3
13.6046 0.637211 0.637211 2 27 3
13.5846 0.637374 0.637374 2 27 3
13.5647 0.637536 0.637536 2 27 3
13.5447 0.637699 0.637699 2 27 3
13.5247 0.637862 0.637862 2 27 3
13.5047 0.638025 0.638025 2 27 3
13.4847 0.638189 0.638189 2 27 3
13.4647 0.638353 0.638353 2 27 3
13.4447 0.638517 0.638517 2 27 3
13.4247 0.638681 0.638681 2 27 3
13.4047 0.638846 0.638846 2 27 3
13.3847 0.639011 0.639011 2 27 3
13.3647 0.639177 0.639177 2 27 3
13.3447 0.639342 0.639342 2 27 3
13.3247 0.639508 0.639508 2 27 3
13.3047 0.639675 0.639675 2 27 3
13.2847 0.639841 0.639841 2 27 3
13.2647 0.640008 0.640008 2 27 3
13.2447 0.640176 0.640176 2 27 3
13.2247 0.640343 0.640343 2 27 3
13.2047 0.640511 0.640511 2 27 3
13.1847 0.640679 0.640679 2 27 3
13.1647 0.640847 0.640847 2 27 3
13.1447 0.641016 0.641016 2 27 3
13.1247 0.641185 0.641185 2 27 3
13.1047 0.641355 0.641355 2 27 3
13.0847 0.641524 0.641524 2 27 3
13.0647 0.641694 0.641694 2 27 3
13.0447 0.641865 0.641865 2 27 3
13.0247 0.642035 0.642035 2 27 3
13.0047 0.642206 0.642206 2 27 3
12.9847 0.642378 0.642378 2 27 3
12.9647 0.642549 0.642549 2 27 3
12.9447 0.642721 0.642721 2 27 3
12.9247 0.642893 0.642893 2 27 3
12.9047 0.643066 0.643066 2 27 3
12.8847 0.643239 0.643239 2 27 3
12.8647 0.643412 0.643412 2 27 3
12.8447 0.643586 0.643586 2 27 3
12.8247 0.64376 0.64376 2 27 3
12.8047 0.643934 0.643934 2 27 3
12.7847 0.644108 0.644108 2 27 3
12.7647 0.644283 0.644283 2 27 3
12.7447 0.644458 0.644458 2 27 3
12.7247 0.644634 0.644634 2 27 3
12.7047 0.64481 0.64481 2 27 3
12.6847 0.644986 0.644986 2 27 3
12.6647 0.645163 0.645163 2 27 3
12.6447 0.645339 0.645339 2 27 3
12.6247 0.645517 0.645517 2 27 3
12.6047 0.645694 0.645694 2 27 3
12.5847 0.645872 0.645872 2 27 3
12.5647 0.64605 0.64605 2 27 3
12.5447 0.646229 0.646229 2 27 3
12.5247 0.646408 0.646408 2 27 3
12.5047 0.646587 0.646587 2 27 3
12.4847 0.646767 0.646767 2 27 3
12.4647 0.646947 0.646947 2 27 3
12.4447 0.647127 0.647127 2 27 3
12.4247 0.647308 0.647308 2 27 3
12.4047 0.647489 0.647489 2 27 3
12.3847 0.64767 0.64767 2 27 3
12.3647 0.647852 0.647852 2 27 3
12.3447 0.648034 0.648034 2 27 3
12.3247 0.648217 0.648217 2 27 3
12.3047 0.6484 0.6484 2 27 3
12.2847 0.648583 0.648583 2 27 3
12.2647 0.648766 0.648766 2 27 3
12.2447 0.64895 0.64895 2 27 3
12.2247 0.649134 0.649134 2 27 3
12.2047 0.649319 0.649319 2 27 3
12.1847 0.649504 0.649504 2 27 3
12.1647 0.64969 0.64969 2 27 3
12.1447 0.649875 0.649875 2 27 3
12.1247 0.650061 0.650061 2 27 3
12.1047 0.650248 0.650248 2 27 3
12.0847 0.650435 0.650435 2 27 3
12.0647 0.650622 0.650622 2 27 3
12.0447 0.65081 0.65081 2 27 3
12.0247 0.650998 0.650998 2 27 3
12.0047 0.651186 0.651186 2 27 3
11.9847 0.651375 0.651375 2 27 3
11.9647 0.651564 0.651564 2 27 3
11.9447 0.651754 0.651754 2 27 3
11.9247 0.651944 0.651944 2 27 3
11.9047 0.652134 0.652134 2 27 3
11.8847 0.652325 0.652325 2 27 3
11.8647 0.652516 0.652516 2 27 3
11.8447 0.652707 0.652707 2 27 3
11.8247 0.652899 0.652899 2 27 3
11.8047 0.653091 0.653091 2 27 3
11.7847 0.653284 0.653284 2 27 3
11.7647 0.653477 0.653477 2 27 3
11.7447 0.653671 0.653671 2 27 3
11.7247 0.653865 0.653865 2 27 3
11.7047 0.654059 0.654059 2 27 3
11.6847 0.654254 0.654254 2 27 3
11.6647 0.654449 0.654449 2 27 3
11.6447 0.654644 0.654644 2 27 3
11.6247 0.65484 0.65484 2 27 3
11.6047 0.655036 0.655036 2 27 3
11.5847 0.655233 0.655233 2 27 3
11.5647 0.65543 0.65543 2 27 3
11.5447 0.655628 0.655628 2 27 3
11.5247 0.655826 0.655826 2 27 3
11.5047 0.656024 0.656024 2 27 3
11.4847 0.656223 0.656223 2 27 3
11.4647 0.656422 0.656422 2 27 3
11.4447 0.656622 0.656622 2 27 3
11.4247 0.656822 0.656822 2 27 3
11.4047 0.657023 0.657023 2 27 3
11.3847 0.657224 0.657224 2 27 3
11.3647 0.657425 0.657425 2 27 3
11.3447 0.657627 0.657627 2 27 3
11.3247 0.657829 0.657829 2 27 3
11.3047 0.658032 0.658032 2 27 3
11.2847 0.658235 0.658235 2 27 3
11.2647 0.658439 0.658439 2 27 3
11.2447 0.658643 0.658643 2 27 3
11.2247 0.658847 0.658847 2 27 3
11.2047 0.659052 0.659052 2 27 3
11.1847 0.659257 0.659257 2 27 3
11.1648 0.659463 0.659463 2 27 3
11.1448 0.659669 0.659669 2 27 3
11.1248 0.659876 0.659876 2 27 3
11.1048 0.660083 0.660083 2 27 3
11.0848 0.660291 0.660291 2 27 3
11.0648 0.660499 0.660499 2 27 3
11.0448 0.660707 0.660707 2 27 3
11.0248 0.660916 0.660916 2 27 3
11.0048 0.661126 0.661126 2 27 3
10.9848 0.661336 0.661336 2 27 3
10.9648 0.661546 0.661546 2 27 3
10.9448 0.661757 0.661757 2 27 3
10.9248 0.661968 0.661968 2 27 3
10.9048 0.66218 0.66218 2 27 3
10.8848 0.662392 0.662392 2 27 3
10.8648 0.662605 0.662605 2 27 3
10.8448 0.662818 0.662818 2 27 3
10.8248 0.663032 0.663032 2 27 3
10.8048 0.663246 0.663246 2 27 3
10.7848 0.663461 0.663461 2 27 3
10.7648 0.663676 0.663676 2 27 3
10.7448 0.663892 0.663892 2 27 3
10.7248 0.664108 0.664108 2 27 3
10.7048 0.664325 0.664325 2 27 3
10.6848 0.664542 0.664542 2 27 3
10.6648 0.664759 0.664759 2 27 3
10.6448 0.664978 0.664978 2 27 3
10.6248 0.665196 0.665196 2 27 3
10.6048 0.665415 0.665415 2 27 3
10.5848 0.665635 0.665635 2 27 3
10.5648 0.665855 0.665855 2 27 3
10.5448 0.666076 0.666076 2 27 3
10.5248 0.666297 0.666297 2 27 3
10.5048 0.666519 0.666519 2 27 3
10.4848 0.666741 0.666741 2 27 3
10.4648 0.666964 0.666964 2 27 3
10.4448 0.667187 0.667187 2 27 3
10.4248 0.667411 0.667411 2 27 3
10.4048 0.667635 0.667635 2 27 3
10.3848 0.66786 0.66786 2 27 3
10.3648 0.668085 0.668085 2 27 3
10.3448 0.668311 0.668311 2 27 3
10.3248 0.668538 0.668538 2 27 3
10.3048 0.668765 0.668765 2 27 3
10.2848 0.668992 0.668992 2 27 3
10.2648 0.66922 0.66922 2 27 3
10.2448 0.669449 0.669449 2 27 3
10.2248 0.669678 0.669678 2 27 3
10.2048 0.669908 0.669908 2 27 3
10.1848 0.670138 0.670138 2 27 3
10.1648 0.670369 0.670369 2 27 3
10.1448 0.6706 0.6706 2 27 3
10.1248 0.670832 0.670832 2 27 3
10.1048 0.671064 0.671064 2 27 3
10.0848 0.671298 0.671298 2 27 3
10.0648 0.671531 0.671531 2 27 3
10.0448 0.671765 0.671765 2 27 3
10.0248 0.672 0.672 2 27 3
10.0048 0.672235 0.672235 2 27 3
9.98482 0.672471 0.672471 2 27 3
9.96482 0.672708 0.672708 2 27 3
9.94483 0.672945 0.672945 2 27 3
9.92483 0.673183 0.673183 2 27 3
9.90483 0.673421 0.673421 2 27 3
9.88483 0.67366 0.67366 2 27 3
9.86483 0.673899 0.673899 2 27 3
9.84483 0.674139 0.674139 2 27 3
9.82483 0.67438 0.67438 2 27 3
9.80484 0.674621 0.674621 2 27 3
9.78484 0.674863 0.674863 2 27 3
9.76484 0.675105 0.675105 2 27 3
9.74484 0.675348 0.675348 2 27 3
9.72484 0.675592 0.675592 2 27 3
9.70484 0.675836 0.675836 2 27 3
9.68484 0.676081 0.676081 2 27 3
9.66485 0.676327 0.676327 2 27 3
9.64485 0.676573 0.676573 2 27 3
9.62485 0.67682 0.67682 2 27 3
9.60485 0.677067 0.677067 2 27 3
9.58485 0.677315 0.677315 2 27 3
9.56485 0.677564 0.677564 2 27 3
9.54485 0.677813 0.677813 2 27 3
9.52486 0.678063 0.678063 2 27 3
9.50486 0.678314 0.678314 2 27 3
9.48486 0.678565 0.678565 2 27 3
9.46486 0.678817 0.678817 2 27 3
9.44486 0.67907 0.67907 2 27 3
9.42486 0.679323 0.679323 2 27 3
9.40487 0.679577 0.679577 2 27 3
9.38487 0.679831 0.679831 2 27 3
9.36487 0.680087 0.680087 2 27 3
9.34487 0.680343 0.680343 2 27 3
9.32487 0.680599 0.680599 2 27 3
9.30487 0.680856 0.680856 2 27 3
9.28488 0.681114 0.681114 2 27 3
9.26488 0.681373 0.681373 2 27 3
9.24488 0.681632 0.681632 2 27 3
9.22488 0.681892 0.681892 2 27 3
9.20488 0.682153 0.682153 2 27 3
9.18488 0.682415 0.682415 2 27 3
9.16489 0.682677 0.682677 2 27 3
9.14489 0.682939 0.682939 2 27 3
9.12489 0.683203 0.683203 2 27 3
9.10489 0.683467 0.683467 2 27 3
9.08489 0.683732 0.683732 2 27 3
9.06489 0.683998 0.683998 2 27 3
9.0449 0.684264 0.684264 2 27 3
9.0249 0.684531 0.684531 2 27 3
9.0049 0.684799 0.684799 2 27 3
8.9849 0.685068 0.685068 2 27 3
8.9649 0.685337 0.685337 2 27 3
8.94491 0.685607 0.685607 2 27 3
8.92491 0.685878 0.685878 2 27 3
8.90491 0.68615 0.68615 2 27 3
8.88491 0.686422 0.686422 2 27 3
8.86491 0.686695 0.686695 2 27 3
8.84491 0.686969 0.686969 2 27 3
8.82492 0.687244 0.687244 2 27 3
8.80492 0.687519 0.687519 2 27 3
8.78492 0.687795 0.687795 2 27 3
8.76492 0.688072 0.688072 2 27 3
8.74492 0.68835 0.68835 2 27 3
8.72493 0.688628 0.688628 2 27 3
8.70493 0.688908 0.688908 2 27 3
8.68493 0.689188 0.689188 2 27 3
8.66493 0.689469 0.689469 2 27 3
8.64493 0.68975 0.68975 2 27 3
8.62494 0.690033 0.690033 2 27 3
8.60494 0.690316 0.690316 2 27 3
8.58494 0.6906 0.6906 2 27 3
8.56494 0.690885 0.690885 2 27 3
8.54494 0.691171 0.691171 2 27 3
8.52495 0.691458 0.691458 2 27 3
8.50495 0.691745 0.691745 2 27 3
8.48495 0.692033 0.692033 2 27 3
8.46495 0.692323 0.692323 2 27 3
8.44495 0.692612 0.692612 2 27 3
8.42496 0.692903 0.692903 2 27 3
8.40496 0.693195 0.693195 2 27 3
8.38496 0.693488 0.693488 2 27 3
8.36496 0.693781 0.693781 2 27 3
8.34497 0.694075 0.694075 2 27 3
8.32497 0.69437 0.69437 2 27 3
8.30497 0.694666 0.694666 2 27 3
8.28497 0.694963 0.694963 2 27 3
8.26497 0.695261 0.695261 2 27 3
8.24498 0.69556 0.69556 2 27 3
8.22498 0.695859 0.695859 2 27 3
8.20498 0.69616 0.69616 2 27 3
8.18498 0.696461 0.696461 2 27 3
8.16499 0.696764 0.696764 2 27 3
8.14499 0.697067 0.697067 2 27 3
8.12499 0.697371 0.697371 2 27 3
8.10499 0.697676 0.697676 2 27 3
8.08499 0.697982 0.697982 2 27 3
8.065 0.698289 0.698289 2 27 3
8.045 0.698597 0.698597 2 27 3
8.025 0.698906 0.698906 2 27 3
8.005 0.699216 0.699216 2 27 3
7.98501 0.699527 0.699527 2 27 3
7.96501 0.699839 0.699839 2 27 3
7.94501 0.700151 0.700151 2 27 3
7.92501 0.700465 0.700465 2 27 3
7.90502 0.70078 0.70078 2 27 3
7.88502 0.701096 0.701096 2 27 3
7.86502 0.701412 0.701412 2 27 3
7.84502 0.70173 0.70173 2 27 3
7.82503 0.702049 0.702049 2 27 3
7.80503 0.702369 0.702369 2 27 3
7.78503 0.702689 0.702689 2 27 3
7.76503 0.703011 0.703011 2 27 3
7.74504 0.703334 0.703334 2 27 3
7.72504 0.703658 0.703658 2 27 3
7.70504 0.703983 0.703983 2 27 3
7.68504 0.704309 0.704309 2 27 3
7.66505 0.704636 0.704636 2 27 3
7.64505 0.704964 0.704964 2 27 3
7.62505 0.705293 0.705293 2 27 3
7.60506 0.705623 0.705623 2 27 3
7.58506 0.705955 0.705955 2 27 3
7.56506 0.706287 0.706287 2 27 3
7.54506 0.706621 0.706621 2 27 3
7.52507 0.706955 0.706955 2 27 3
7.50507 0.707291 0.707291 2 27 3
7.48507 0.707628 0.707628 2 27 3
7.46507 0.707966 0.707966 2 27 3
7.44508 0.708305 0.708305 2 27 3
7.42508 0.708645 0.708645 2 27 3
7.40508 0.708987 0.708987 2 27 3
7.38509 0.709329 0.709329 2 27 3
7.36509 0.709673 0.709673 2 27 3
7.34509 0.710018 0.710018 2 27 3
7.3251 0.710364 0.710364 2 27 3
7.3051 0.710711 0.710711 2 27 3
7.2851 0.71106 0.71106 2 27 3
7.2651 0.711409 0.711409 2 27 3
7.24511 0.71176 0.71176 2 27 3
7.22511 0.712112 0.712112 2 27 3
7.20511 0.712465 0.712465 2 27 3
7.18512 0.71282 0.71282 2 27 3
7.16512 0.713176 0.713176 2 27 3
7.14512 0.713533 0.713533 2 27 3
7.12513 0.713891 0.713891 2 27 3
7.10513 0.714251 0.714251 2 27 3
7.08513 0.714611 0.714611 2 27 3
7.06514 0.714973 0.714973 2 27 3
7.04514 0.715337 0.715337 2 27 3
7.02514 0.715701 0.715701 2 27 3
7.00515 0.716067 0.716067 2 27 3
6.98515 0.716435 0.716435 2 27 3
6.96515 0.716803 0.716803 2 27 3
6.94516 0.717173 0.717173 2 27 3
6.92516 0.717544 0.717544 2 27 3
6.90516 0.717917 0.717917 2 27 3
6.88517 0.718291 0.718291 2 27 3
6.86517 0.718666 0.718666 2 27 3
6.84517 0.719043 0.719043 2 27 3
6.82518 0.719421 0.719421 2 27 3
6.80518 0.719801 0.719801 2 27 3
6.78518 0.720182 0.720182 2 27 3
6.76519 0.720564 0.720564 2 27 3
6.74519 0.720948 0.720948 2 27 3
6.7252 0.721333 0.721333 2 27 3
6.7052 0.721719 0.721719 2 27 3
6.6852 0.722108 0.722108 2 27 3
6.66521 0.722497 0.722497 2 27 3
6.64521 0.722888 0.722888 2 27 3
6.62521 0.723281 0.723281 2 27 3
6.60522 0.723675 0.723675 2 27 3
6.58522 0.72407 0.72407 2 27 3
6.56523 0.724467 0.724467 2 27 3
6.54523 0.724866 0.724866 2 27 3
6.52523 0.725266 0.725266 2 27 3
6.50524 0.725667 0.725667 2 27 3
6.48524 0.726071 0.726071 2 27 3
6.46525 0.726475 0.726475 2 27 3
6.44525 0.726882 0.726882 2 27 3
6.42525 0.72729 0.72729 2 27 3
6.40526 0.727699 0.727699 2 27 3
6.38526 0.72811 0.72811 2 27 3
6.36527 0.728523 0.728523 2 27 3
6.34527 0.728938 0.728938 2 27 3
6.32528 0.729354 0.729354 2 27 3
6.30528 0.729772 0.729772 2 27 3
6.28528 0.730191 0.730191 2 27 3
6.26529 0.730612 0.730612 2 27 3
6.24529 0.731035 0.731035 2 27 3
6.2253 0.73146 0.73146 2 27 3
6.2053 0.731886 0.731886 2 27 3
6.18531 0.732314 0.732314 2 27 3
6.16531 0.732744 0.732744 2 27 3
6.14532 0.733175 0.733175 2 27 3
6.12532 0.733609 0.733609 2 27 3
6.10533 0.734044 0.734044 2 27 3
6.08533 0.734481 0.734481 2 27 3
6.06534 0.73492 0.73492 2 27 3
6.04534 0.73536 0.73536 2 27 3
6.02535 0.735803 0.735803 2 27 3
6.00535 0.736247 0.736247 2 27 3
5.98536 0.736693 0.736693 2 27 3
5.96536 0.737142 0.737142 2 27 3
5.94537 0.737592 0.737592 2 27 3
5.92537 0.738044 0.738044 2 27 3
5.90538 0.738498 0.738498 2 27 3
5.88538 0.738954 0.738954 2 27 3
5.86539 0.739411 0.739411 2 27 3
5.84539 0.739871 0.739871 2 27 3
5.8254 0.740333 0.740333 2 27 3
5.8054 0.740797 0.740797 2 27 3
5.78541 0.741263 0.741263 2 27 3
5.76541 0.741731 0.741731 2 27 3
5.74542 0.742201 0.742201 2 27 3
5.72542 0.742673 0.742673 2 27 3
5.70543 0.743148 0.743148 2 27 3
5.68544 0.743624 0.743624 2 27 3
5.66544 0.744103 0.744103 2 27 3
5.64545 0.744583 0.744583 2 27 3
5.62545 0.745066 0.745066 2 27 3
5.60546 0.745551 0.745551 2 27 3
5.58546 0.746039 0.746039 2 27 3
5.56547 0.746528 0.746528 2 27 3
5.54548 0.74702 0.74702 2 27 3
5.52548 0.747514 0.747514 2 27 3
5.50549 0.74801 0.74801 2 27 3
5.48549 0.748509 0.748509 2 27 3
5.4655 0.74901 0.74901 2 27 3
5.44551 0.749513 0.749513 2 27 3
5.42551 0.750019 0.750019 2 27 3
5.40552 0.750527 0.750527 2 27 3
5.38553 0.751038 0.751038 2 27 3
5.36553 0.751551 0.751551 2 27 3
5.34554 0.752066 0.752066 2 27 3
5.32555 0.752584 0.752584 2 27 3
5.30555 0.753105 0.753105 2 27 3
5.28556 0.753628 0.753628 2 27 3
5.26557 0.754153 0.754153 2 27 3
5.24557 0.754682 0.754682 2 27 3
5.22558 0.755212 0.755212 2 27 3
5.20559 0.755746 0.755746 2 27 3
5.1856 0.756282 0.756282 2 27 3
5.1656 0.75682 0.75682 2 27 3
5.14561 0.757362 0.757362 2 27 3
5.12562 0.757906 0.757906 2 27 3
5.10563 0.758452 0.758452 2 27 3
5.08563 0.759002 0.759002 2 27 3
5.06564 0.759554 0.759554 2 27 3
5.04565 0.76011 0.76011 2 27 3
5.02566 0.760668 0.760668 2 27 3
5.00566 0.761229 0.761229 2 27 3
4.98567 0.761792 0.761792 2 27 3
4.96568 0.762359 0.762359 2 27 3
4.94569 0.762929 0.762929 2 27 3
4.9257 0.763502 0.763502 2 27 3
4.9057 0.764077 0.764077 2 27 3
4.88571 0.764656 0.764656 2 27 3
4.86572 0.765238 0.765238 2 27 3
4.84573 0.765823 0.765823 2 27 3
4.82574 0.766411 0.766411 2 27 3
4.80575 0.767003 0.767003 2 27 3
4.78576 0.767597 0.767597 2 27 3
4.76576 0.768195 0.768195 2 27 3
4.74577 0.768796 0.768796 2 27 3
4.72578 0.7694 0.7694 2 27 3
4.70579 0.770008 0.770008 2 27 3
4.6858 0.770619 0.770619 2 27 3
4.66581 0.771233 0.771233 2 27 3
4.64582 0.771851 0.771851 2 27 3
4.62583 0.772473 0.772473 2 27 3
4.60584 0.773097 0.773097 2 27 3
4.58585 0.773726 0.773726 2 27 3
4.56586 0.774358 0.774358 2 27 3
4.54587 0.774994 0.774994 2 27 3
4.52588 0.775633 0.775633 2 27 3
4.50589 0.776276 0.776276 2 27 3
4.4859 0.776923 0.776923 2 27 3
4.46591 0.777573 0.777573 2 27 3
4.44592 0.778228 0.778228 2 27 3
4.42593 0.778886 0.778886 2 27 3
4.40594 0.779548 0.779548 2 27 3
4.38596 0.780214 0.780214 2 27 3
4.36597 0.780884 0.780884 2 27 3
4.34598 0.781558 0.781558 2 27 3
4.32599 0.782237 0.782237 2 27 3
4.306 0.782919 0.782919 2 27 3
4.28601 0.783606 0.783606 2 27 3
4.26602 0.784297 0.784297 2 27 3
4.24604 0.784992 0.784992 2 27 3
4.22605 0.785691 0.785691 2 27 3
4.20606 0.786395 0.786395 2 27 3
4.18607 0.787103 0.787103 2 27 3
4.16609 0.787816 0.787816 2 27 3
4.1461 0.788533 0.788533 2 27 3
4.12611 0.789255 0.789255 2 27 3
4.10613 0.789981 0.789981 2 27 3
4.08614 0.790713 0.790713 2 27 3
4.06615 0.791448 0.791448 2 27 3
4.04617 0.792189 0.792189 2 27 3
4.02618 0.792935 0.792935 2 27 3
4.00619 0.793685 0.793685 2 27 3
3.98621 0.794441 0.794441 2 27 3
3.96622 0.795202 0.795202 2 27 3
3.94624 0.795967 0.795967 2 27 3
3.92625 0.796738 0.796738 2 27 3
3.90627 0.797514 0.797514 2 27 3
3.88628 0.798296 0.798296 2 27 3
3.8663 0.799083 0.799083 2 27 3
3.84631 0.799875 0.799875 2 27 3
3.82633 0.800673 0.800673 2 27 3
3.80635 0.801476 0.801476 2 27 3
3.78636 0.802285 0.802285 2 27 3
3.76638 0.8031 0.8031 2 27 3
3.7464 0.803921 0.803921 2 27 3
3.72641 0.804748 0.804748 2 27 3
3.70643 0.80558 0.80558 2 27 3
3.68645 0.806419 0.806419 2 27 3
3.66647 0.807263 0.807263 2 27 3
3.64648 0.808114 0.808114 2 27 3
3.6265 0.808972 0.808972 2 27 3
3.60652 0.809835 0.809835 2 27 3
3.58654 0.810705 0.810705 2 27 3
3.56656 0.811582 0.811582 2 27 3
3.54658 0.812465 0.812465 2 27 3
3.5266 0.813356 0.813356 2 27 3
3.50662 0.814253 0.814253 2 27 3
3.48664 0.815157 0.815157 2 27 3
3.46666 0.816068 0.816068 2 27 3
3.44668 0.816986 0.816986 2 27 3
3.4267 0.817911 0.817911 2 27 3
3.40672 0.818844 0.818844 2 27 3
3.38675 0.819784 0.819784 2 27 3
3.36677 0.820732 0.820732 2 27 3
3.34679 0.821688 0.821688 2 27 3
3.32681 0.822651 0.822651 2 27 3
3.30684 0.823622 0.823622 2 27 3
3.28686 0.824602 0.824602 2 27 3
3.26689 0.825589 0.825589 2 27 3
3.24691 0.826585 0.826585 2 27 3
3.22694 0.82759 0.82759 2 27 3
3.20696 0.828603 0.828603 2 27 3
3.18699 0.829624 0.829624 2 27 3
3.16701 0.830655 0.830655 2 27 3
3.14704 0.831694 0.831694 2 27 3
3.12707 0.832743 0.832743 2 27 3
3.1071 0.833801 0.833801 2 27 3
3.08713 0.834869 0.834869 2 27 3
3.06715 0.835946 0.835946 2 27 3
3.04718 0.837032 0.837032 2 27 3
3.02721 0.838129 0.838129 2 27 3
3.00725 0.839236 0.839236 2 27 3
2.98728 0.840353 0.840353 2 27 3
2.96731 0.841481 0.841481 2 27 3
2.94734 0.842619 0.842619 2 27 3
2.92737 0.843768 0.843768 2 27 3
2.90741 0.844928 0.844928 2 27 3
2.88744 0.8461 0.8461 2 27 3
2.86748 0.847282 0.847282 2 27 3
2.84751 0.848477 0.848477 2 27 3
2.82755 0.849683 0.849683 2 27 3
2.80759 0.850901 0.850901 2 27 3
2.78762 0.852132 0.852132 2 27 3
2.76766 0.853375 0.853375 2 27 3
2.7477 0.854631 0.854631 2 27 3
2.72774 0.855899 0.855899 2 27 3
2.70778 0.857181 0.857181 2 27 3
2.68783 0.858477 0.858477 2 27 3
2.66787 0.859786 0.859786 2 27 3
2.64791 0.86111 0.86111 2 27 3
2.62796 0.862448 0.862448 2 27 3
2.608 0.8638 0.8638 2 27 3
2.58805 0.865167 0.865167 2 27 3
2.5681 0.86655 0.86655 2 27 3
2.54815 0.867948 0.867948 2 27 3
2.5282 0.869361 0.869361 2 27 3
2.50825 0.870791 0.870791 2 27 3
2.4883 0.872238 0.872238 2 27 3
2.46835 0.873701 0.873701 2 27 3
2.44841 0.875182 0.875182 2 27 3
2.42846 0.876681 0.876681 2 27 3
2.40852 0.878197 0.878197 2 27 3
2.38858 0.879732 0.879732 2 27 3
2.36864 0.881286 0.881286 2 27 3
2.3487 0.882859 0.882859 2 27 3
2.32877 0.884451 0.884451 2 27 3
2.30883 0.886064 0.886064 2 27 3
2.2889 0.887698 0.887698 2 27 3
2.26897 0.889353 0.889353 2 27 3
2.24904 0.891029 0.891029 2 27 3
2.22911 0.892728 0.892728 2 27 3
2.20918 0.894449 0.894449 2 27 3
2.18926 0.896194 0.896194 2 27 3
2.16934 0.897963 0.897963 2 27 3
2.14942 0.899756 0.899756 2 27 3
2.1295 0.901574 0.901574 2 27 3
2.10959 0.903419 0.903419 2 27 3
2.08967 0.905289 0.905289 2 27 3
2.06976 0.907187 0.907187 2 27 3
2.04986 0.909113 0.909113 2 27 3
2.02995 0.911067 0.911067 2 27 3
2.01005 0.913051 0.913051 2 27 3
1.99015 0.915066 0.915066 2 27 3
1.97026 0.917111 0.917111 2 27 3
1.95037 0.919189 0.919189 2 27 3
1.93048 0.921299 0.921299 2 27 3
1.91059 0.923444 0.923444 2 27 3
1.89071 0.925624 0.925624 2 27 3
1.87083 0.927839 0.927839 2 27 3
1.85096 0.930092 0.930092 2 27 3
1.83109 0.932383 0.932383 2 27 3
1.81123 0.934714 0.934714 2 27 3
1.79137 0.937086 0.937086 2 27 3
1.77152 0.939499 0.939499 2 27 3
1.75167 0.941957 0.941957 2 27 3
1.73183 0.944459 0.944459 2 27 3
1.71199 0.947007 0.947007 2 27 3
1.69216 0.949604 0.949604 2 27 3
1.67233 0.952251 0.952251 2 27 3
1.65252 0.954949 0.954949 2 27 3
1.63271 0.9577 0.9577 2 27 3
1.6129 0.960507 0.960507 2 27 3
1.59311 0.963371 0.963371 2 27 3
1.57332 0.966295 0.966295 2 27 3
1.55355 0.96928 0.96928 2 27 3
1.53378 0.97233 0.97233 2 27 3
1.51402 0.975446 0.975446 2 27 3
1.49428 0.978632 0.978632 2 27 3
1.47455 0.981891 0.981891 2 27 3
1.45483 0.985224 0.985224 2 27 3
1.43512 0.988636 0.988636 2 27 3
1.41543 0.99213 0.99213 2 27 3
1.39575 0.995709 0.995709 2 27 3
1.37609 0.999378 0.999378 2 27 3
1.35644 1.00314 1.00314 2 27 3
1.33682 1.007 1.007 2 27 3
1.31721 1.01096 1.01096 2 27 3
1.29763 1.01503 1.01503 2 27 3
1.27807 1.01921 1.01921 2 27 3
1.25854 1.02351 1.02351 2 27 3
1.23903 1.02793 1.02793 2 27 3
1.21956 1.03248 1.03248 2 27 3
1.20011 1.03717 1.03717 2 27 3
1.1807 1.04201 1.04201 2 27 3
1.16133 1.04699 1.04699 2 27 3
1.142 1.05214 1.05214 2 27 3
1.12272 1.05745 1.05745 2 27 3
1.10349 1.06295 1.06295 2 27 3
1.08431 1.06863 1.06863 2 27 3
1.06519 1.07452 1.07452 2 27 3
1.04614 1.08062 1.08062 2 27 3
1.02716 1.08694 1.08694 2 27 3
1.00827 1.0935 1.0935 2 27 3
0.989459 1.10032 1.10032 2 27 3
0.970751 1.10741 1.10741 2 27 3
0.952153 1.11478 1.11478 2 27 3
0.933678 1.12246 1.12246 2 27 3
0.915341 1.13047 1.13047 2 27 3
0.897157 1.13882 1.13882 2 27 3
0.879144 1.14753 1.14753 2 27 3
0.861516 1.15703 1.15703 2 27 3
0.843936 1.16657 1.16657 2 27 3
0.826599 1.17654 1.17654 2 27 3
0.809533 1.18697 1.18697 2 27 3
0.79277 1.19788 1.19788 2 27 3
0.776344 1.20929 1.20929 2 27 3
0.760292 1.22123 1.22123 2 27 3
0.744651 1.23369 1.23369 2 27 3
0.729463 1.24671 1.24671 2 27 3
0.714767 1.26028 1.26028 2 27 3
0.700602 1.2744 1.2744 2 27 3
0.687006 1.28907 1.28907 2 27 3
0.674011 1.30428 1.30428 2 27 3
0.661646 1.32 1.32 2 27 3
0.64993 1.33621 1.33621 2 27 3
0.638877 1.35288 1.35288 2 27 3
0.62849 1.36997 1.36997 2 27 3
0.618767 1.38745 1.38745 2 27 3
0.609696 1.40528 1.40528 2 27 3
0.601257 1.42341 1.42341 2 27 3
0.59343 1.44182 1.44182 2 27 3
0.586183 1.46046 1.46046 2 27 3
0.579486 1.47931 1.47931 2 27 3
0.573306 1.49834 1.49834 2 27 3
0.567609 1.51751 1.51751 2 27 3
0.56236 1.53681 1.53681 2 27 3
0.557528 1.55622 1.55622 2 27 3
0.553081 1.57573 1.57573 2 27 3
0.548986 1.59531 1.59531 2 27 3
0.545217 1.61495 1.61495 2 27 3
0.541746 1.63465 1.63465 2 27 3
0.538549 1.6544 1.6544 2 27 3
0.535603 1.67418 1.67418 2 27 3
0.532886 1.694 1.694 2 27 3
0.53038 1.71384 1.71384 2 27 3
0.528066 1.73371 1.73371 2 27 3
0.525929 1.75359 1.75359 2 27 3
0.523953 1.7735 1.7735 2 27 3
0.521977 1.7934 1.7934 2 27 3
0.520297 1.81333 1.81333 2 27 3
0.51874 1.83328 1.83328 2 27 3
0.517298 1.85322 1.85322 2 27 3
0.515959 1.87318 1.87318 2 27 3
0.514715 1.89314 1.89314 2 27 3
0.51356 1.91311 1.91311 2 27 3
0.512486 1.93308 1.93308 2 27 3
0.511487 1.95306 1.95306 2 27 3
0.510556 1.97304 1.97304 2 27 3
0.509689 1.99302 1.99302 2 27 3
0.50888 2.013 2.013 2 27 3
0.508125 2.03299 2.03299 2 27 3
0.507421 2.05298 2.05298 2 27 3
0.506763 2.07296 2.07296 2 27 3
0.506147 2.09296 2.09296 2 27 3
0.505572 2.11295 2.11295 2 27 3
0.505033 2.13294 2.13294 2 27 3
0.504528 2.15293 2.15293 2 27 3
0.504055 2.17293 2.17293 2 27 3
0.503612 2.19292 2.19292 2 27 3
0.503196 2.21292 2.21292 2 27 3
0.502805 2.23292 2.23292 2 27 3
0.502438 2.25291 2.25291 2 27 3
0.502093 2.27291 2.27291 2 27 3
0.501769 2.29291 2.29291 2 27 3
0.501463 2.3129 2.3129 2 27 3
0.501176 2.3329 2.3329 2 27 3
0.500905 2.3529 2.3529 2 27 3
0.500651 2.3729 2.3729 2 27 3
0.50041 2.3929 2.3929 2 27 3
0.500183 2.4129 2.4129 2 27 3
0.499969 2.4329 2.4329 2 27 3
