2.5714 0.6 0.6 2 149 5
2.5316 0.603945 0.603945 2 149 5
2.5117 0.605993 0.605993 2 149 5
2.49181 0.608084 0.608084 2 149 5
2.47192 0.610219 0.610219 2 149 5
2.45204 0.6124 0.6124 2 149 5
2.43217 0.614629 0.614629 2 149 5
2.4123 0.616907 0.616907 2 149 5
2.39243 0.619238 0.619238 2 149 5
2.37258 0.621627 0.621627 2 149 5
2.35275 0.624265 0.624265 2 149 5
2.33288 0.626604 0.626604 2 149 5
2.31303 0.629011 0.629011 2 149 5
2.2932 0.631583 0.631583 2 149 5
2.27338 0.634272 0.634272 2 149 5
2.25357 0.637055 0.637055 2 149 5
2.23378 0.63991 0.63991 2 149 5
2.21399 0.642833 0.642833 2 149 5
2.19422 0.645831 0.645831 2 149 5
2.17449 0.649129 0.649129 2 149 5
2.1547 0.652066 0.652066 2 149 5
2.13494 0.655116 0.655116 2 149 5
2.11521 0.658403 0.658403 2 149 5
2.09551 0.661857 0.661857 2 149 5
2.07583 0.665443 0.665443 2 149 5
2.05618 0.669139 0.669139 2 149 5
2.03654 0.672945 0.672945 2 149 5
2.01693 0.676873 0.676873 2 149 5
1.99741 0.681225 0.681225 2 149 5
1.97773 0.684932 0.684932 2 149 5
1.95823 0.689262 0.689262 2 149 5
1.93877 0.693891 0.693891 2 149 5
1.91935 0.698667 0.698667 2 149 5
1.89996 0.703578 0.703578 2 149 5
1.88061 0.708633 0.708633 2 149 5
1.8613 0.713846 0.713846 2 149 5
1.84204 0.719259 0.719259 2 149 5
1.82287 0.724928 0.724928 2 149 5
1.80377 0.730884 0.730884 2 149 5
1.78477 0.737137 0.737137 2 149 5
1.76588 0.743695 0.743695 2 149 5
1.7471 0.75057 0.75057 2 149 5
1.72844 0.757785 0.757785 2 149 5
1.70994 0.76537 0.76537 2 149 5
1.6916 0.773357 0.773357 2 149 5
1.67346 0.78178 0.78178 2 149 5
1.65554 0.790667 0.790667 2 149 5
1.63789 0.800063 0.800063 2 149 5
1.62052 0.809996 0.809996 2 149 5
1.6035 0.820498 0.820498 2 149 5
1.58687 0.831603 0.831603 2 149 5
1.57067 0.843341 0.843341 2 149 5
1.55497 0.855737 0.855737 2 149 5
1.53983 0.868809 0.868809 2 149 5
1.52531 0.882564 0.882564 2 149 5
1.51147 0.896998 0.896998 2 149 5
1.49834 0.912094 0.912094 2 149 5
1.48599 0.927822 0.927822 2 149 5
1.47444 0.944151 0.944151 2 149 5
1.46369 0.961017 0.961017 2 149 5
1.45375 0.97837 0.97837 2 149 5
1.44461 0.996154 0.996154 2 149 5
1.43623 1.01431 1.01431 2 149 5
1.42858 1.03279 1.03279 2 149 5
1.42161 1.05153 1.05153 2 149 5
1.41528 1.0705 1.0705 2 149 5
1.40954 1.08966 1.08966 2 149 5
1.40433 1.10897 1.10897 2 149 5
1.39961 1.1284 1.1284 2 149 5
1.39533 1.14793 1.14793 2 149 5
1.39145 1.16755 1.16755 2 149 5
1.38793 1.18724 1.18724 2 149 5
1.38474 1.20698 1.20698 2 149 5
1.38184 1.22677 1.22677 2 149 5
1.3792 1.2466 1.2466 2 149 5
1.37656 1.26642 1.26642 2 149 5
1.3744 1.28631 1.28631 2 149 5
1.37242 1.30621 1.30621 2 149 5
1.37062 1.32613 1.32613 2 149 5
1.36897 1.34607 1.34607 2 149 5
1.36745 1.36601 1.36601 2 149 5
1.36607 1.38597 1.38597 2 149 5
1.3648 1.40593 1.40593 2 149 5
1.36363 1.42589 1.42589 2 149 5
1.36255 1.44587 1.44587 2 149 5
1.36156 1.46584 1.46584 2 149 5
1.36065 1.48582 1.48582 2 149 5
1.35981 1.5058 1.5058 2 149 5
1.35903 1.52579 1.52579 2 149 5
1.35831 1.54578 1.54578 2 149 5
1.35765 1.56577 1.56577 2 149 5
1.35703 1.58576 1.58576 2 149 5
1.35646 1.60575 1.60575 2 149 5
1.35593 1.62574 1.62574 2 149 5
1.35543 1.64574 1.64574 2 149 5
1.35498 1.66573 1.66573 2 149 5
1.35455 1.68573 1.68573 2 149 5
1.35415 1.70572 1.70572 2 149 5
1.35378 1.72572 1.72572 2 149 5
1.35343 1.74572 1.74572 2 149 5
1.35311 1.76571 1.76571 2 149 5
1.35281 1.78571 1.78571 2 149 5
1.35253 1.80571 1.80571 2 149 5
1.35226 1.82571 1.82571 2 149 5
1.35202 1.84571 1.84571 2 149 5
1.35178 1.8657 1.8657 2 149 5
1.35157 1.8857 1.8857 2 149 5
1.35136 1.9057 1.9057 2 149 5
1.35117 1.9257 1.9257 2 149 5
1.35099 1.9457 1.9457 2 149 5
1.35082 1.9657 1.9657 2 149 5
1.35066 1.9857 1.9857 2 149 5
1.35051 2.0057 2.0057 2 149 5
1.35037 2.0257 2.0257 2 149 5
1.35024 2.0457 2.0457 2 149 5
1.35011 2.0657 2.0657 2 149 5
1.34999 2.0857 2.0857 2 149 5
1.34988 2.1057 2.1057 2 149 5
2.5714 0.6 0.6 2 149 5
2.61121 0.596137 0.596137 2 149 5
2.63113 0.594276 0.594276 2 149 5
2.65104 0.59245 0.59245 2 149 5
2.67096 0.590658 0.590658 2 149 5
2.69089 0.588898 0.588898 2 149 5
2.71081 0.587169 0.587169 2 149 5
2.73074 0.585474 0.585474 2 149 5
2.75065 0.583608 0.583608 2 149 5
2.77058 0.581916 0.581916 2 149 5
2.79053 0.580378 0.580378 2 149 5
2.81047 0.578892 0.578892 2 149 5
2.83042 0.577591 0.577591 2 149 5
2.85036 0.575955 0.575955 2 149 5
2.87029 0.574319 0.574319 2 149 5
2.89023 0.57278 0.57278 2 149 5
2.91018 0.571293 0.571293 2 149 5
2.93013 0.56986 0.56986 2 149 5
2.95008 0.568459 0.568459 2 149 5
2.97003 0.567075 0.567075 2 149 5
2.98998 0.565705 0.565705 2 149 5
3.00994 0.564366 0.564366 2 149 5
3.02989 0.56296 0.56296 2 149 5
3.04984 0.561628 0.561628 2 149 5
3.0698 0.560327 0.560327 2 149 5
3.08976 0.559049 0.559049 2 149 5
3.10972 0.557787 0.557787 2 149 5
3.12968 0.55654 0.55654 2 149 5
3.14964 0.555311 0.555311 2 149 5
3.16961 0.554126 0.554126 2 149 5
3.18957 0.552869 0.552869 2 149 5
3.20953 0.551665 0.551665 2 149 5
3.2295 0.550483 0.550483 2 149 5
3.24947 0.549326 0.549326 2 149 5
3.26943 0.548187 0.548187 2 149 5
3.2894 0.547062 0.547062 2 149 5
3.30937 0.54595 0.54595 2 149 5
3.32934 0.54485 0.54485 2 149 5
3.34931 0.543768 0.543768 2 149 5
3.36927 0.542535 0.542535 2 149 5
3.38925 0.541524 0.541524 2 149 5
3.40923 0.540535 0.540535 2 149 5
3.4292 0.539535 0.539535 2 149 5
3.44917 0.538489 0.538489 2 149 5
3.46915 0.537481 0.537481 2 149 5
3.48912 0.536363 0.536363 2 149 5
3.5091 0.535406 0.535406 2 149 5
3.52907 0.534467 0.534467 2 149 5
3.54905 0.533522 0.533522 2 149 5
3.56903 0.532492 0.532492 2 149 5
3.589 0.531564 0.531564 2 149 5
3.60898 0.530646 0.530646 2 149 5
3.62896 0.529728 0.529728 2 149 5
3.64894 0.528885 0.528885 2 149 5
3.66892 0.527919 0.527919 2 149 5
3.6889 0.526964 0.526964 2 149 5
3.70888 0.526052 0.526052 2 149 5
3.72886 0.52517 0.52517 2 149 5
3.74884 0.524306 0.524306 2 149 5
3.76882 0.523451 0.523451 2 149 5
3.7888 0.522599 0.522599 2 149 5
3.80878 0.521761 0.521761 2 149 5
3.82877 0.520895 0.520895 2 149 5
3.84875 0.520056 0.520056 2 149 5
3.86873 0.519229 0.519229 2 149 5
3.88871 0.518413 0.518413 2 149 5
3.9087 0.517605 0.517605 2 149 5
3.92868 0.516804 0.516804 2 149 5
3.94867 0.51601 0.51601 2 149 5
3.96865 0.515223 0.515223 2 149 5
3.98864 0.514451 0.514451 2 149 5
4.00862 0.513653 0.513653 2 149 5
4.02861 0.512882 0.512882 2 149 5
4.04859 0.512122 0.512122 2 149 5
4.06858 0.511372 0.511372 2 149 5
4.08856 0.510628 0.510628 2 149 5
4.10855 0.50989 0.50989 2 149 5
4.12854 0.509158 0.509158 2 149 5
4.14852 0.508437 0.508437 2 149 5
4.16851 0.507694 0.507694 2 149 5
4.1885 0.506976 0.506976 2 149 5
4.20848 0.506268 0.506268 2 149 5
4.22847 0.505567 0.505567 2 149 5
4.24846 0.504872 0.504872 2 149 5
4.26845 0.504182 0.504182 2 149 5
4.28844 0.503498 0.503498 2 149 5
4.30842 0.502828 0.502828 2 149 5
4.32841 0.502135 0.502135 2 149 5
4.3484 0.50146 0.50146 2 149 5
4.36839 0.500792 0.500792 2 149 5
4.38838 0.500133 0.500133 2 149 5
4.40837 0.499481 0.499481 2 149 5
4.42836 0.498833 0.498833 2 149 5
4.44835 0.498191 0.498191 2 149 5
4.46834 0.497552 0.497552 2 149 5
4.48833 0.496921 0.496921 2 149 5
4.50831 0.496143 0.496143 2 149 5
4.52831 0.495583 0.495583 2 149 5
4.5483 0.495031 0.495031 2 149 5
4.56829 0.494453 0.494453 2 149 5
4.58828 0.493842 0.493842 2 149 5
4.60827 0.493217 0.493217 2 149 5
4.62826 0.492596 0.492596 2 149 5
4.64825 0.491992 0.491992 2 149 5
4.66824 0.4914 0.4914 2 149 5
4.68824 0.490815 0.490815 2 149 5
4.70823 0.490234 0.490234 2 149 5
4.72822 0.489656 0.489656 2 149 5
4.74821 0.489083 0.489083 2 149 5
4.7682 0.488487 0.488487 2 149 5
4.78819 0.487923 0.487923 2 149 5
4.80819 0.487365 0.487365 2 149 5
4.82818 0.48681 0.48681 2 149 5
4.84817 0.486257 0.486257 2 149 5
4.86816 0.485655 0.485655 2 149 5
4.88816 0.485124 0.485124 2 149 5
4.90815 0.484598 0.484598 2 149 5
4.92814 0.484068 0.484068 2 149 5
4.94813 0.483526 0.483526 2 149 5
4.96813 0.483054 0.483054 2 149 5
4.98812 0.482485 0.482485 2 149 5
5.00811 0.481921 0.481921 2 149 5
5.02811 0.481382 0.481382 2 149 5
5.0481 0.480861 0.480861 2 149 5
5.06809 0.480353 0.480353 2 149 5
5.08809 0.479847 0.479847 2 149 5
5.10808 0.479341 0.479341 2 149 5
5.12807 0.47872 0.47872 2 149 5
5.14807 0.478267 0.478267 2 149 5
5.16806 0.477819 0.477819 2 149 5
5.18806 0.477349 0.477349 2 149 5
5.20805 0.476853 0.476853 2 149 5
5.22804 0.476346 0.476346 2 149 5
5.24804 0.475842 0.475842 2 149 5
5.26803 0.475352 0.475352 2 149 5
5.28803 0.474869 0.474869 2 149 5
5.30802 0.474393 0.474393 2 149 5
5.32801 0.473918 0.473918 2 149 5
5.34801 0.473446 0.473446 2 149 5
5.368 0.472977 0.472977 2 149 5
5.388 0.472497 0.472497 2 149 5
5.40799 0.472032 0.472032 2 149 5
5.42799 0.471571 0.471571 2 149 5
5.44798 0.471112 0.471112 2 149 5
5.46798 0.470656 0.470656 2 149 5
5.48797 0.470202 0.470202 2 149 5
5.50797 0.469762 0.469762 2 149 5
5.52796 0.469301 0.469301 2 149 5
5.54796 0.468839 0.468839 2 149 5
5.56795 0.468394 0.468394 2 149 5
5.58795 0.467956 0.467956 2 149 5
5.60794 0.46752 0.46752 2 149 5
5.62794 0.467085 0.467085 2 149 5
5.64793 0.466654 0.466654 2 149 5
5.66793 0.466214 0.466214 2 149 5
5.68792 0.465783 0.465783 2 149 5
5.70792 0.465355 0.465355 2 149 5
5.72791 0.464931 0.464931 2 149 5
5.74791 0.464508 0.464508 2 149 5
5.7679 0.464088 0.464088 2 149 5
5.7879 0.46367 0.46367 2 149 5
5.8079 0.463255 0.463255 2 149 5
5.82789 0.462845 0.462845 2 149 5
5.84789 0.462426 0.462426 2 149 5
5.86788 0.462014 0.462014 2 149 5
5.88788 0.461606 0.461606 2 149 5
5.90787 0.461201 0.461201 2 149 5
5.92787 0.460799 0.460799 2 149 5
5.94787 0.460398 0.460398 2 149 5
5.96786 0.46 0.46 2 149 5
5.98786 0.459604 0.459604 2 149 5
6.00786 0.45921 0.45921 2 149 5
6.02785 0.458804 0.458804 2 149 5
6.04785 0.458416 0.458416 2 149 5
6.06784 0.458031 0.458031 2 149 5
6.08784 0.457648 0.457648 2 149 5
6.10784 0.457265 0.457265 2 149 5
6.12783 0.456873 0.456873 2 149 5
6.14783 0.456494 0.456494 2 149 5
6.16783 0.456116 0.456116 2 149 5
6.18782 0.455741 0.455741 2 149 5
6.20782 0.455367 0.455367 2 149 5
6.22781 0.454995 0.454995 2 149 5
6.24781 0.454618 0.454618 2 149 5
6.26781 0.454247 0.454247 2 149 5
6.2878 0.453879 0.453879 2 149 5
6.3078 0.453513 0.453513 2 149 5
6.3278 0.453149 0.453149 2 149 5
6.34779 0.452787 0.452787 2 149 5
6.36779 0.452426 0.452426 2 149 5
6.38779 0.452068 0.452068 2 149 5
6.40779 0.45185 0.45185 2 149 5
6.42779 0.451421 0.451421 2 149 5
6.44778 0.450995 0.450995 2 149 5
6.46778 0.450607 0.450607 2 149 5
6.48777 0.450257 0.450257 2 149 5
6.50777 0.449925 0.449925 2 149 5
6.52777 0.449595 0.449595 2 149 5
6.54777 0.449258 0.449258 2 149 5
6.56776 0.448913 0.448913 2 149 5
6.58776 0.448564 0.448564 2 149 5
6.60776 0.448214 0.448214 2 149 5
6.62775 0.447875 0.447875 2 149 5
6.64775 0.447539 0.447539 2 149 5
6.66775 0.447205 0.447205 2 149 5
6.68774 0.446871 0.446871 2 149 5
6.70774 0.446541 0.446541 2 149 5
6.72774 0.446204 0.446204 2 149 5
6.74774 0.445872 0.445872 2 149 5
6.76773 0.445542 0.445542 2 149 5
6.78773 0.445214 0.445214 2 149 5
6.80773 0.444887 0.444887 2 149 5
6.82773 0.444562 0.444562 2 149 5
6.84772 0.444239 0.444239 2 149 5
6.86772 0.443917 0.443917 2 149 5
6.88772 0.443596 0.443596 2 149 5
6.90772 0.443277 0.443277 2 149 5
6.92771 0.442959 0.442959 2 149 5
6.94771 0.442643 0.442643 2 149 5
6.96771 0.442296 0.442296 2 149 5
6.98771 0.441996 0.441996 2 149 5
7.0077 0.441697 0.441697 2 149 5
7.0277 0.441394 0.441394 2 149 5
7.0477 0.441084 0.441084 2 149 5
7.0677 0.440771 0.440771 2 149 5
7.08769 0.440457 0.440457 2 149 5
7.10769 0.440151 0.440151 2 149 5
7.12769 0.439848 0.439848 2 149 5
7.14769 0.439546 0.439546 2 149 5
7.16768 0.439245 0.439245 2 149 5
7.18768 0.438944 0.438944 2 149 5
7.20768 0.438636 0.438636 2 149 5
7.22768 0.43834 0.43834 2 149 5
7.24768 0.438045 0.438045 2 149 5
7.26767 0.437751 0.437751 2 149 5
7.28767 0.437457 0.437457 2 149 5
7.30767 0.43716 0.43716 2 149 5
7.32767 0.436867 0.436867 2 149 5
7.34766 0.436576 0.436576 2 149 5
7.36766 0.436286 0.436286 2 149 5
7.38766 0.435997 0.435997 2 149 5
7.40766 0.435709 0.435709 2 149 5
7.42766 0.435422 0.435422 2 149 5
7.44765 0.435137 0.435137 2 149 5
7.46765 0.434862 0.434862 2 149 5
7.48765 0.434571 0.434571 2 149 5
7.50765 0.434283 0.434283 2 149 5
7.52765 0.434 0.434 2 149 5
7.54764 0.43372 0.43372 2 149 5
7.56764 0.433443 0.433443 2 149 5
7.58764 0.433166 0.433166 2 149 5
7.60764 0.43289 0.43289 2 149 5
7.62764 0.432616 0.432616 2 149 5
7.64763 0.432338 0.432338 2 149 5
7.66763 0.432064 0.432064 2 149 5
7.68763 0.43179 0.43179 2 149 5
7.70763 0.431518 0.431518 2 149 5
7.72763 0.431248 0.431248 2 149 5
7.74763 0.430978 0.430978 2 149 5
7.76762 0.43071 0.43071 2 149 5
7.78762 0.430442 0.430442 2 149 5
7.80762 0.430175 0.430175 2 149 5
7.82762 0.42991 0.42991 2 149 5
7.84762 0.429646 0.429646 2 149 5
7.86761 0.429377 0.429377 2 149 5
7.88761 0.429115 0.429115 2 149 5
7.90761 0.428854 0.428854 2 149 5
7.92761 0.428594 0.428594 2 149 5
7.94761 0.428335 0.428335 2 149 5
7.96761 0.428077 0.428077 2 149 5
7.9876 0.427817 0.427817 2 149 5
8.0076 0.427559 0.427559 2 149 5
8.0276 0.427303 0.427303 2 149 5
8.0476 0.427048 0.427048 2 149 5
8.0676 0.426794 0.426794 2 149 5
8.0876 0.42654 0.42654 2 149 5
8.10759 0.426288 0.426288 2 149 5
8.12759 0.426037 0.426037 2 149 5
8.14759 0.425792 0.425792 2 149 5
8.16759 0.425537 0.425537 2 149 5
8.18759 0.425284 0.425284 2 149 5
8.20759 0.425035 0.425035 2 149 5
8.22759 0.424788 0.424788 2 149 5
8.24758 0.424543 0.424543 2 149 5
8.26758 0.424298 0.424298 2 149 5
8.28758 0.424054 0.424054 2 149 5
8.30758 0.423812 0.423812 2 149 5
8.32758 0.423567 0.423567 2 149 5
8.34758 0.423324 0.423324 2 149 5
8.36758 0.423082 0.423082 2 149 5
8.38757 0.422841 0.422841 2 149 5
8.40757 0.422601 0.422601 2 149 5
8.42757 0.422363 0.422363 2 149 5
8.44757 0.422125 0.422125 2 149 5
8.46757 0.421887 0.421887 2 149 5
8.48757 0.421651 0.421651 2 149 5
8.50757 0.421415 0.421415 2 149 5
8.52756 0.421181 0.421181 2 149 5
8.54756 0.420947 0.420947 2 149 5
8.56756 0.420712 0.420712 2 149 5
8.58756 0.420478 0.420478 2 149 5
8.60756 0.420247 0.420247 2 149 5
8.62756 0.420016 0.420016 2 149 5
8.64756 0.419786 0.419786 2 149 5
8.66755 0.419557 0.419557 2 149 5
8.68755 0.419328 0.419328 2 149 5
8.70755 0.419101 0.419101 2 149 5
8.72755 0.41887 0.41887 2 149 5
8.74755 0.418644 0.418644 2 149 5
8.76755 0.418419 0.418419 2 149 5
8.78755 0.418194 0.418194 2 149 5
8.80755 0.41797 0.41797 2 149 5
8.82754 0.417747 0.417747 2 149 5
8.84754 0.417531 0.417531 2 149 5
8.86754 0.417304 0.417304 2 149 5
8.88754 0.417078 0.417078 2 149 5
8.90754 0.416856 0.416856 2 149 5
8.92754 0.416636 0.416636 2 149 5
8.94754 0.416417 0.416417 2 149 5
8.96754 0.4162 0.4162 2 149 5
8.98753 0.415982 0.415982 2 149 5
9.00753 0.415767 0.415767 2 149 5
9.02753 0.415548 0.415548 2 149 5
9.04753 0.415331 0.415331 2 149 5
9.06753 0.415116 0.415116 2 149 5
9.08753 0.414901 0.414901 2 149 5
9.10753 0.414687 0.414687 2 149 5
9.12753 0.414474 0.414474 2 149 5
9.14753 0.414261 0.414261 2 149 5
9.16752 0.414049 0.414049 2 149 5
9.18752 0.413838 0.413838 2 149 5
9.20752 0.413627 0.413627 2 149 5
9.22752 0.413418 0.413418 2 149 5
9.24752 0.413204 0.413204 2 149 5
9.26752 0.412996 0.412996 2 149 5
9.28752 0.412789 0.412789 2 149 5
9.30752 0.412583 0.412583 2 149 5
9.32752 0.412376 0.412376 2 149 5
9.34751 0.412167 0.412167 2 149 5
9.36751 0.411962 0.411962 2 149 5
9.38751 0.411757 0.411757 2 149 5
9.40751 0.411554 0.411554 2 149 5
9.42751 0.41135 0.41135 2 149 5
9.44751 0.411148 0.411148 2 149 5
9.46751 0.410943 0.410943 2 149 5
9.48751 0.410741 0.410741 2 149 5
9.50751 0.410539 0.410539 2 149 5
9.52751 0.410339 0.410339 2 149 5
9.5475 0.410138 0.410138 2 149 5
9.5675 0.409939 0.409939 2 149 5
9.5875 0.40974 0.40974 2 149 5
9.6075 0.409542 0.409542 2 149 5
9.6275 0.409292 0.409292 2 149 5
9.6475 0.40912 0.40912 2 149 5
9.6675 0.408948 0.408948 2 149 5
9.6875 0.408764 0.408764 2 149 5
9.7075 0.408569 0.408569 2 149 5
9.7275 0.408367 0.408367 2 149 5
9.74749 0.408166 0.408166 2 149 5
9.76749 0.407969 0.407969 2 149 5
9.78749 0.407776 0.407776 2 149 5
9.80749 0.407584 0.407584 2 149 5
9.82749 0.407393 0.407393 2 149 5
9.84749 0.407203 0.407203 2 149 5
9.86749 0.407021 0.407021 2 149 5
9.88749 0.406824 0.406824 2 149 5
9.90749 0.406629 0.406629 2 149 5
9.92749 0.406437 0.406437 2 149 5
9.94749 0.406248 0.406248 2 149 5
9.96748 0.40606 0.40606 2 149 5
9.98748 0.405873 0.405873 2 149 5
10.0075 0.405687 0.405687 2 149 5
10.0275 0.405503 0.405503 2 149 5
10.0475 0.405314 0.405314 2 149 5
10.0675 0.405125 0.405125 2 149 5
10.0875 0.404939 0.404939 2 149 5
10.1075 0.404754 0.404754 2 149 5
10.1275 0.40457 0.40457 2 149 5
10.1475 0.404387 0.404387 2 149 5
10.1675 0.404204 0.404204 2 149 5
10.1875 0.404021 0.404021 2 149 5
10.2075 0.403837 0.403837 2 149 5
10.2275 0.403655 0.403655 2 149 5
10.2475 0.403474 0.403474 2 149 5
10.2675 0.403293 0.403293 2 149 5
10.2875 0.403113 0.403113 2 149 5
10.3075 0.402933 0.402933 2 149 5
10.3275 0.402753 0.402753 2 149 5
10.3475 0.402567 0.402567 2 149 5
10.3675 0.402391 0.402391 2 149 5
10.3875 0.402216 0.402216 2 149 5
10.4075 0.40204 0.40204 2 149 5
10.4275 0.401863 0.401863 2 149 5
10.4475 0.401685 0.401685 2 149 5
10.4675 0.401508 0.401508 2 149 5
10.4875 0.401332 0.401332 2 149 5
10.5075 0.401157 0.401157 2 149 5
10.5275 0.400982 0.400982 2 149 5
10.5475 0.400808 0.400808 2 149 5
10.5675 0.400634 0.400634 2 149 5
10.5875 0.400461 0.400461 2 149 5
10.6075 0.400288 0.400288 2 149 5
10.6275 0.400118 0.400118 2 149 5
10.6475 0.399943 0.399943 2 149 5
10.6675 0.399769 0.399769 2 149 5
10.6875 0.399598 0.399598 2 149 5
10.7075 0.399427 0.399427 2 149 5
10.7275 0.399257 0.399257 2 149 5
10.7475 0.399088 0.399088 2 149 5
10.7675 0.398919 0.398919 2 149 5
10.7875 0.398752 0.398752 2 149 5
10.8075 0.398581 0.398581 2 149 5
10.8275 0.398411 0.398411 2 149 5
10.8475 0.398243 0.398243 2 149 5
10.8674 0.398076 0.398076 2 149 5
10.8874 0.397909 0.397909 2 149 5
10.9074 0.397743 0.397743 2 149 5
10.9274 0.397577 0.397577 2 149 5
10.9474 0.397413 0.397413 2 149 5
10.9674 0.397246 0.397246 2 149 5
10.9874 0.397073 0.397073 2 149 5
11.0074 0.396911 0.396911 2 149 5
11.0274 0.396751 0.396751 2 149 5
11.0474 0.396589 0.396589 2 149 5
11.0674 0.396426 0.396426 2 149 5
11.0874 0.396262 0.396262 2 149 5
11.1074 0.396102 0.396102 2 149 5
11.1274 0.395938 0.395938 2 149 5
11.1474 0.395774 0.395774 2 149 5
11.1674 0.395613 0.395613 2 149 5
11.1874 0.395452 0.395452 2 149 5
11.2074 0.395292 0.395292 2 149 5
11.2274 0.395133 0.395133 2 149 5
11.2474 0.394973 0.394973 2 149 5
11.2674 0.394812 0.394812 2 149 5
11.2874 0.394653 0.394653 2 149 5
11.3074 0.394495 0.394495 2 149 5
11.3274 0.394337 0.394337 2 149 5
11.3474 0.39418 0.39418 2 149 5
11.3674 0.394025 0.394025 2 149 5
11.3874 0.393866 0.393866 2 149 5
11.4074 0.393708 0.393708 2 149 5
11.4274 0.393551 0.393551 2 149 5
11.4474 0.393395 0.393395 2 149 5
11.4674 0.39324 0.39324 2 149 5
11.4874 0.393085 0.393085 2 149 5
11.5074 0.39293 0.39293 2 149 5
11.5274 0.392777 0.392777 2 149 5
11.5474 0.392621 0.392621 2 149 5
11.5674 0.392467 0.392467 2 149 5
11.5874 0.392314 0.392314 2 149 5
11.6074 0.392161 0.392161 2 149 5
11.6274 0.392008 0.392008 2 149 5
11.6474 0.391856 0.391856 2 149 5
11.6674 0.391704 0.391704 2 149 5
11.6874 0.391553 0.391553 2 149 5
11.7074 0.391402 0.391402 2 149 5
11.7274 0.39125 0.39125 2 149 5
11.7474 0.391099 0.391099 2 149 5
11.7674 0.390949 0.390949 2 149 5
11.7874 0.390799 0.390799 2 149 5
11.8074 0.39065 0.39065 2 149 5
11.8274 0.390501 0.390501 2 149 5
11.8474 0.390352 0.390352 2 149 5
11.8674 0.390202 0.390202 2 149 5
11.8874 0.390054 0.390054 2 149 5
11.9074 0.389907 0.389907 2 149 5
11.9274 0.38976 0.38976 2 149 5
11.9474 0.389613 0.389613 2 149 5
11.9674 0.389467 0.389467 2 149 5
11.9874 0.389319 0.389319 2 149 5
12.0074 0.389173 0.389173 2 149 5
12.0274 0.389027 0.389027 2 149 5
12.0474 0.388881 0.388881 2 149 5
12.0674 0.388736 0.388736 2 149 5
12.0874 0.388591 0.388591 2 149 5
12.1074 0.388447 0.388447 2 149 5
12.1274 0.388303 0.388303 2 149 5
12.1474 0.388159 0.388159 2 149 5
12.1674 0.388016 0.388016 2 149 5
12.1874 0.387874 0.387874 2 149 5
12.2074 0.38773 0.38773 2 149 5
12.2274 0.387586 0.387586 2 149 5
12.2474 0.387443 0.387443 2 149 5
12.2674 0.387301 0.387301 2 149 5
12.2874 0.38716 0.38716 2 149 5
12.3074 0.387019 0.387019 2 149 5
12.3274 0.386878 0.386878 2 149 5
12.3474 0.386739 0.386739 2 149 5
12.3674 0.386597 0.386597 2 149 5
12.3874 0.386454 0.386454 2 149 5
12.4074 0.386315 0.386315 2 149 5
12.4274 0.386176 0.386176 2 149 5
12.4474 0.386038 0.386038 2 149 5
12.4674 0.385899 0.385899 2 149 5
12.4874 0.38576 0.38576 2 149 5
12.5074 0.385621 0.385621 2 149 5
12.5274 0.385483 0.385483 2 149 5
12.5474 0.385346 0.385346 2 149 5
12.5674 0.385208 0.385208 2 149 5
12.5874 0.385071 0.385071 2 149 5
12.6074 0.384934 0.384934 2 149 5
12.6274 0.384798 0.384798 2 149 5
12.6474 0.384662 0.384662 2 149 5
12.6674 0.384524 0.384524 2 149 5
12.6874 0.384389 0.384389 2 149 5
12.7074 0.384254 0.384254 2 149 5
12.7274 0.384119 0.384119 2 149 5
12.7474 0.383984 0.383984 2 149 5
12.7674 0.38385 0.38385 2 149 5
12.7874 0.383715 0.383715 2 149 5
12.8074 0.383581 0.383581 2 149 5
12.8274 0.383447 0.383447 2 149 5
12.8474 0.383314 0.383314 2 149 5
12.8674 0.383181 0.383181 2 149 5
12.8874 0.383048 0.383048 2 149 5
12.9074 0.382915 0.382915 2 149 5
12.9274 0.382783 0.382783 2 149 5
12.9474 0.382651 0.382651 2 149 5
12.9674 0.382519 0.382519 2 149 5
12.9874 0.382387 0.382387 2 149 5
13.0074 0.382256 0.382256 2 149 5
13.0274 0.382125 0.382125 2 149 5
13.0474 0.381995 0.381995 2 149 5
13.0674 0.381864 0.381864 2 149 5
13.0874 0.381734 0.381734 2 149 5
13.1074 0.381604 0.381604 2 149 5
13.1274 0.381474 0.381474 2 149 5
13.1474 0.381345 0.381345 2 149 5
13.1674 0.381216 0.381216 2 149 5
13.1874 0.381087 0.381087 2 149 5
13.2074 0.380958 0.380958 2 149 5
13.2274 0.38083 0.38083 2 149 5
13.2474 0.380703 0.380703 2 149 5
13.2674 0.380574 0.380574 2 149 5
13.2874 0.380446 0.380446 2 149 5
13.3074 0.380319 0.380319 2 149 5
13.3274 0.380192 0.380192 2 149 5
13.3474 0.380065 0.380065 2 149 5
13.3674 0.379939 0.379939 2 149 5
13.3874 0.379812 0.379812 2 149 5
13.4074 0.379686 0.379686 2 149 5
13.4274 0.379561 0.379561 2 149 5
13.4474 0.379435 0.379435 2 149 5
13.4674 0.379309 0.379309 2 149 5
13.4874 0.379184 0.379184 2 149 5
13.5074 0.379059 0.379059 2 149 5
13.5274 0.378935 0.378935 2 149 5
13.5474 0.378811 0.378811 2 149 5
13.5674 0.37869 0.37869 2 149 5
13.5874 0.378564 0.378564 2 149 5
13.6074 0.378439 0.378439 2 149 5
13.6274 0.378315 0.378315 2 149 5
13.6474 0.378192 0.378192 2 149 5
13.6674 0.37807 0.37807 2 149 5
13.6874 0.377947 0.377947 2 149 5
13.7074 0.377825 0.377825 2 149 5
13.7274 0.377704 0.377704 2 149 5
13.7474 0.377581 0.377581 2 149 5
13.7674 0.377459 0.377459 2 149 5
13.7874 0.377338 0.377338 2 149 5
13.8074 0.377216 0.377216 2 149 5
13.8274 0.377095 0.377095 2 149 5
13.8474 0.376975 0.376975 2 149 5
13.8674 0.376854 0.376854 2 149 5
13.8874 0.376734 0.376734 2 149 5
13.9074 0.376614 0.376614 2 149 5
13.9274 0.376494 0.376494 2 149 5
13.9474 0.376375 0.376375 2 149 5
13.9674 0.376254 0.376254 2 149 5
13.9874 0.376135 0.376135 2 149 5
14.0074 0.376017 0.376017 2 149 5
14.0274 0.375899 0.375899 2 149 5
14.0474 0.375781 0.375781 2 149 5
14.0674 0.375662 0.375662 2 149 5
14.0874 0.375544 0.375544 2 149 5
14.1074 0.375426 0.375426 2 149 5
14.1274 0.375308 0.375308 2 149 5
14.1474 0.375191 0.375191 2 149 5
14.1674 0.375074 0.375074 2 149 5
14.1874 0.374957 0.374957 2 149 5
14.2074 0.37484 0.37484 2 149 5
14.2274 0.374724 0.374724 2 149 5
14.2474 0.374608 0.374608 2 149 5
14.2674 0.374492 0.374492 2 149 5
14.2874 0.374376 0.374376 2 149 5
14.3074 0.37426 0.37426 2 149 5
14.3274 0.374145 0.374145 2 149 5
14.3474 0.374029 0.374029 2 149 5
14.3674 0.373914 0.373914 2 149 5
14.3874 0.373799 0.373799 2 149 5
14.4074 0.373685 0.373685 2 149 5
14.4274 0.373571 0.373571 2 149 5
14.4474 0.373457 0.373457 2 149 5
14.4674 0.373343 0.373343 2 149 5
14.4874 0.373229 0.373229 2 149 5
14.5074 0.373116 0.373116 2 149 5
14.5274 0.373002 0.373002 2 149 5
14.5474 0.372889 0.372889 2 149 5
14.5674 0.372776 0.372776 2 149 5
14.5874 0.372663 0.372663 2 149 5
14.6074 0.372551 0.372551 2 149 5
14.6274 0.372439 0.372439 2 149 5
14.6474 0.372326 0.372326 2 149 5
14.6674 0.372214 0.372214 2 149 5
14.6874 0.372103 0.372103 2 149 5
14.7074 0.371992 0.371992 2 149 5
14.7274 0.371881 0.371881 2 149 5
14.7474 0.371772 0.371772 2 149 5
14.7674 0.37166 0.37166 2 149 5
14.7874 0.371547 0.371547 2 149 5
14.8074 0.371436 0.371436 2 149 5
14.8274 0.371326 0.371326 2 149 5
14.8474 0.371216 0.371216 2 149 5
14.8674 0.371107 0.371107 2 149 5
14.8874 0.370997 0.370997 2 149 5
14.9074 0.370889 0.370889 2 149 5
14.9274 0.370779 0.370779 2 149 5
14.9474 0.37067 0.37067 2 149 5
14.9674 0.37056 0.37056 2 149 5
14.9874 0.370451 0.370451 2 149 5
15.0074 0.370343 0.370343 2 149 5
12.9889 0.6 0.6 2 82 3
13.029 0.599586 0.599586 2 82 3
13.0489 0.599382 0.599382 2 82 3
13.0689 0.599177 0.599177 2 82 3
13.0889 0.598973 0.598973 2 82 3
13.1089 0.598769 0.598769 2 82 3
13.1289 0.598566 0.598566 2 82 3
13.1489 0.598363 0.598363 2 82 3
13.1689 0.59816 0.59816 2 82 3
13.1889 0.597958 0.597958 2 82 3
13.2089 0.597756 0.597756 2 82 3
13.2289 0.597555 0.597555 2 82 3
13.2489 0.597354 0.597354 2 82 3
13.2689 0.597154 0.597154 2 82 3
13.2889 0.596953 0.596953 2 82 3
13.3089 0.596754 0.596754 2 82 3
13.3289 0.596554 0.596554 2 82 3
13.3489 0.596355 0.596355 2 82 3
13.3689 0.596157 0.596157 2 82 3
13.3889 0.595959 0.595959 2 82 3
13.4089 0.595761 0.595761 2 82 3
13.4289 0.595563 0.595563 2 82 3
13.4489 0.595366 0.595366 2 82 3
13.4689 0.59517 0.59517 2 82 3
13.4889 0.594974 0.594974 2 82 3
13.5089 0.594778 0.594778 2 82 3
13.5289 0.594582 0.594582 2 82 3
13.5489 0.594387 0.594387 2 82 3
13.5689 0.594193 0.594193 2 82 3
13.5889 0.593998 0.593998 2 82 3
13.6089 0.593805 0.593805 2 82 3
13.6289 0.593611 0.593611 2 82 3
13.6489 0.593418 0.593418 2 82 3
13.6689 0.593225 0.593225 2 82 3
13.6889 0.593033 0.593033 2 82 3
13.7089 0.592841 0.592841 2 82 3
13.7289 0.592649 0.592649 2 82 3
13.7489 0.592458 0.592458 2 82 3
13.7689 0.592267 0.592267 2 82 3
13.7889 0.592076 0.592076 2 82 3
13.8089 0.591886 0.591886 2 82 3
13.8289 0.591696 0.591696 2 82 3
13.8489 0.591507 0.591507 2 82 3
13.8689 0.591318 0.591318 2 82 3
13.8889 0.591129 0.591129 2 82 3
13.9089 0.590941 0.590941 2 82 3
13.9289 0.590753 0.590753 2 82 3
13.9489 0.590565 0.590565 2 82 3
13.9689 0.590378 0.590378 2 82 3
13.9889 0.590191 0.590191 2 82 3
14.0089 0.590005 0.590005 2 82 3
14.0289 0.589818 0.589818 2 82 3
14.0489 0.589632 0.589632 2 82 3
14.0689 0.589447 0.589447 2 82 3
14.0889 0.589262 0.589262 2 82 3
14.1089 0.589077 0.589077 2 82 3
14.1289 0.588893 0.588893 2 82 3
14.1489 0.588708 0.588708 2 82 3
14.1689 0.588525 0.588525 2 82 3
14.1889 0.588341 0.588341 2 82 3
14.2089 0.588158 0.588158 2 82 3
14.2289 0.587975 0.587975 2 82 3
14.2489 0.587793 0.587793 2 82 3
14.2689 0.587611 0.587611 2 82 3
14.2889 0.587429 0.587429 2 82 3
14.3089 0.587248 0.587248 2 82 3
14.3289 0.587067 0.587067 2 82 3
14.3489 0.586886 0.586886 2 82 3
14.3689 0.586706 0.586706 2 82 3
14.3889 0.586526 0.586526 2 82 3
14.4089 0.586346 0.586346 2 82 3
14.4289 0.586166 0.586166 2 82 3
14.4489 0.585987 0.585987 2 82 3
14.4689 0.585809 0.585809 2 82 3
14.4889 0.58563 0.58563 2 82 3
14.5089 0.585452 0.585452 2 82 3
14.5289 0.585274 0.585274 2 82 3
14.5489 0.585097 0.585097 2 82 3
14.5689 0.58492 0.58492 2 82 3
14.5889 0.584743 0.584743 2 82 3
14.6089 0.584567 0.584567 2 82 3
14.6289 0.58439 0.58439 2 82 3
14.6489 0.584215 0.584215 2 82 3
14.6689 0.584039 0.584039 2 82 3
14.6889 0.583864 0.583864 2 82 3
14.7089 0.583689 0.583689 2 82 3
14.7289 0.583514 0.583514 2 82 3
14.7489 0.58334 0.58334 2 82 3
14.7689 0.583166 0.583166 2 82 3
14.7889 0.582993 0.582993 2 82 3
14.8089 0.582819 0.582819 2 82 3
14.8289 0.582646 0.582646 2 82 3
14.8489 0.582473 0.582473 2 82 3
14.8689 0.582301 0.582301 2 82 3
14.8889 0.582129 0.582129 2 82 3
14.9089 0.581957 0.581957 2 82 3
14.9289 0.581786 0.581786 2 82 3
14.9489 0.581614 0.581614 2 82 3
14.9689 0.581444 0.581444 2 82 3
14.9889 0.581273 0.581273 2 82 3
15.0089 0.581103 0.581103 2 82 3
12.9889 0.6 0.6 2 82 3
12.9487 0.600414 0.600414 2 82 3
12.9288 0.600621 0.600621 2 82 3
12.9088 0.600828 0.600828 2 82 3
12.8888 0.601036 0.601036 2 82 3
12.8688 0.601245 0.601245 2 82 3
12.8488 0.601454 0.601454 2 82 3
12.8288 0.601663 0.601663 2 82 3
12.8088 0.601873 0.601873 2 82 3
12.7888 0.602083 0.602083 2 82 3
12.7688 0.602294 0.602294 2 82 3
12.7488 0.602505 0.602505 2 82 3
12.7288 0.602717 0.602717 2 82 3
12.7088 0.602929 0.602929 2 82 3
12.6888 0.603141 0.603141 2 82 3
12.6688 0.603354 0.603354 2 82 3
12.6488 0.603568 0.603568 2 82 3
12.6288 0.603782 0.603782 2 82 3
12.6088 0.603996 0.603996 2 82 3
12.5888 0.604211 0.604211 2 82 3
12.5688 0.604426 0.604426 2 82 3
12.5488 0.604642 0.604642 2 82 3
12.5288 0.604858 0.604858 2 82 3
12.5088 0.605074 0.605074 2 82 3
12.4888 0.605291 0.605291 2 82 3
12.4688 0.605509 0.605509 2 82 3
12.4488 0.605727 0.605727 2 82 3
12.4288 0.605945 0.605945 2 82 3
12.4088 0.606164 0.606164 2 82 3
12.3888 0.606384 0.606384 2 82 3
12.3688 0.606604 0.606604 2 82 3
12.3488 0.606824 0.606824 2 82 3
12.3288 0.607045 0.607045 2 82 3
12.3088 0.607266 0.607266 2 82 3
12.2888 0.607488 0.607488 2 82 3
12.2688 0.60771 0.60771 2 82 3
12.2488 0.607933 0.607933 2 82 3
12.2288 0.608156 0.608156 2 82 3
12.2088 0.60838 0.60838 2 82 3
12.1888 0.608605 0.608605 2 82 3
12.1688 0.608829 0.608829 2 82 3
12.1488 0.609055 0.609055 2 82 3
12.1288 0.60928 0.60928 2 82 3
12.1088 0.609507 0.609507 2 82 3
12.0888 0.609733 0.609733 2 82 3
12.0688 0.609961 0.609961 2 82 3
12.0488 0.610189 0.610189 2 82 3
12.0288 0.610417 0.610417 2 82 3
12.0088 0.610646 0.610646 2 82 3
11.9888 0.610875 0.610875 2 82 3
11.9688 0.611105 0.611105 2 82 3
11.9488 0.611335 0.611335 2 82 3
11.9288 0.611566 0.611566 2 82 3
11.9088 0.611798 0.611798 2 82 3
11.8888 0.61203 0.61203 2 82 3
11.8688 0.612262 0.612262 2 82 3
11.8488 0.612495 0.612495 2 82 3
11.8288 0.612729 0.612729 2 82 3
11.8088 0.612963 0.612963 2 82 3
11.7888 0.613197 0.613197 2 82 3
11.7689 0.613433 0.613433 2 82 3
11.7489 0.613668 0.613668 2 82 3
11.7289 0.613905 0.613905 2 82 3
11.7089 0.614141 0.614141 2 82 3
11.6889 0.614379 0.614379 2 82 3
11.6689 0.614617 0.614617 2 82 3
11.6489 0.614855 0.614855 2 82 3
11.6289 0.615094 0.615094 2 82 3
11.6089 0.615334 0.615334 2 82 3
11.5889 0.615574 0.615574 2 82 3
11.5689 0.615814 0.615814 2 82 3
11.5489 0.616056 0.616056 2 82 3
11.5289 0.616298 0.616298 2 82 3
11.5089 0.61654 0.61654 2 82 3
11.4889 0.616783 0.616783 2 82 3
11.4689 0.617026 0.617026 2 82 3
11.4489 0.617271 0.617271 2 82 3
11.4289 0.617515 0.617515 2 82 3
11.4089 0.617761 0.617761 2 82 3
11.3889 0.618006 0.618006 2 82 3
11.3689 0.618253 0.618253 2 82 3
11.3489 0.6185 0.6185 2 82 3
11.3289 0.618748 0.618748 2 82 3
11.3089 0.618996 0.618996 2 82 3
11.2889 0.619245 0.619245 2 82 3
11.2689 0.619494 0.619494 2 82 3
11.2489 0.619744 0.619744 2 82 3
11.2289 0.619995 0.619995 2 82 3
11.2089 0.620246 0.620246 2 82 3
11.1889 0.620498 0.620498 2 82 3
11.1689 0.62075 0.62075 2 82 3
11.1489 0.621004 0.621004 2 82 3
11.1289 0.621257 0.621257 2 82 3
11.1089 0.621512 0.621512 2 82 3
11.0889 0.621767 0.621767 2 82 3
11.0689 0.622022 0.622022 2 82 3
11.0489 0.622278 0.622278 2 82 3
11.0289 0.622535 0.622535 2 82 3
11.0089 0.622793 0.622793 2 82 3
10.9889 0.623051 0.623051 2 82 3
10.9689 0.62331 0.62331 2 82 3
10.9489 0.623569 0.623569 2 82 3
10.9289 0.623829 0.623829 2 82 3
10.9089 0.62409 0.62409 2 82 3
10.8889 0.624351 0.624351 2 82 3
10.8689 0.624613 0.624613 2 82 3
10.8489 0.624876 0.624876 2 82 3
10.8289 0.625139 0.625139 2 82 3
10.8089 0.625404 0.625404 2 82 3
10.7889 0.625668 0.625668 2 82 3
10.7689 0.625934 0.625934 2 82 3
10.7489 0.6262 0.6262 2 82 3
10.7289 0.626466 0.626466 2 82 3
10.7089 0.626734 0.626734 2 82 3
10.6889 0.627002 0.627002 2 82 3
10.6689 0.627271 0.627271 2 82 3
10.6489 0.62754 0.62754 2 82 3
10.6289 0.62781 0.62781 2 82 3
10.6089 0.628081 0.628081 2 82 3
10.5889 0.628353 0.628353 2 82 3
10.5689 0.628625 0.628625 2 82 3
10.5489 0.628898 0.628898 2 82 3
10.529 0.629172 0.629172 2 82 3
10.509 0.629446 0.629446 2 82 3
10.489 0.629722 0.629722 2 82 3
10.469 0.629997 0.629997 2 82 3
10.449 0.630274 0.630274 2 82 3
10.429 0.630551 0.630551 2 82 3
10.409 0.630829 0.630829 2 82 3
10.389 0.631108 0.631108 2 82 3
10.369 0.631388 0.631388 2 82 3
10.349 0.631668 0.631668 2 82 3
10.329 0.631949 0.631949 2 82 3
10.309 0.632231 0.632231 2 82 3
10.289 0.632514 0.632514 2 82 3
10.269 0.632797 0.632797 2 82 3
10.249 0.633081 0.633081 2 82 3
10.229 0.633366 0.633366 2 82 3
10.209 0.633651 0.633651 2 82 3
10.189 0.633938 0.633938 2 82 3
10.169 0.634225 0.634225 2 82 3
10.149 0.634513 0.634513 2 82 3
10.129 0.634802 0.634802 2 82 3
10.109 0.635091 0.635091 2 82 3
10.089 0.635381 0.635381 2 82 3
10.069 0.635673 0.635673 2 82 3
10.049 0.635964 0.635964 2 82 3
10.029 0.636257 0.636257 2 82 3
10.009 0.636551 0.636551 2 82 3
9.98901 0.636845 0.636845 2 82 3
9.96901 0.63714 0.63714 2 82 3
9.94901 0.637436 0.637436 2 82 3
9.92901 0.637733 0.637733 2 82 3
9.90901 0.638031 0.638031 2 82 3
9.88902 0.638329 0.638329 2 82 3
9.86902 0.638628 0.638628 2 82 3
9.84902 0.638929 0.638929 2 82 3
9.82902 0.63923 0.63923 2 82 3
9.80903 0.639531 0.639531 2 82 3
9.78903 0.639834 0.639834 2 82 3
9.76903 0.640138 0.640138 2 82 3
9.74903 0.640442 0.640442 2 82 3
9.72904 0.640747 0.640747 2 82 3
9.70904 0.641054 0.641054 2 82 3
9.68904 0.641361 0.641361 2 82 3
9.66904 0.641669 0.641669 2 82 3
9.64904 0.641978 0.641978 2 82 3
9.62905 0.642287 0.642287 2 82 3
9.60905 0.642598 0.642598 2 82 3
9.58905 0.642909 0.642909 2 82 3
9.56905 0.643222 0.643222 2 82 3
9.54906 0.643535 0.643535 2 82 3
9.52906 0.64385 0.64385 2 82 3
9.50906 0.644165 0.644165 2 82 3
9.48906 0.644481 0.644481 2 82 3
9.46907 0.644798 0.644798 2 82 3
9.44907 0.645116 0.645116 2 82 3
9.42907 0.645435 0.645435 2 82 3
9.40907 0.645755 0.645755 2 82 3
9.38908 0.646076 0.646076 2 82 3
9.36908 0.646397 0.646397 2 82 3
9.34908 0.64672 0.64672 2 82 3
9.32908 0.647044 0.647044 2 82 3
9.30909 0.647369 0.647369 2 82 3
9.28909 0.647694 0.647694 2 82 3
9.26909 0.648021 0.648021 2 82 3
9.2491 0.648349 0.648349 2 82 3
9.2291 0.648677 0.648677 2 82 3
9.2091 0.649007 0.649007 2 82 3
9.1891 0.649338 0.649338 2 82 3
9.16911 0.649669 0.649669 2 82 3
9.14911 0.650002 0.650002 2 82 3
9.12911 0.650336 0.650336 2 82 3
9.10911 0.650671 0.650671 2 82 3
9.08912 0.651006 0.651006 2 82 3
9.06912 0.651343 0.651343 2 82 3
9.04912 0.651681 0.651681 2 82 3
9.02913 0.65202 0.65202 2 82 3
9.00913 0.65236 0.65236 2 82 3
8.98913 0.652701 0.652701 2 82 3
8.96913 0.653043 0.653043 2 82 3
8.94914 0.653387 0.653387 2 82 3
8.92914 0.653731 0.653731 2 82 3
8.90914 0.654076 0.654076 2 82 3
8.88915 0.654423 0.654423 2 82 3
8.86915 0.65477 0.65477 2 82 3
8.84915 0.655119 0.655119 2 82 3
8.82916 0.655469 0.655469 2 82 3
8.80916 0.65582 0.65582 2 82 3
8.78916 0.656172 0.656172 2 82 3
8.76916 0.656525 0.656525 2 82 3
8.74917 0.656879 0.656879 2 82 3
8.72917 0.657235 0.657235 2 82 3
8.70917 0.657592 0.657592 2 82 3
8.68918 0.657949 0.657949 2 82 3
8.66918 0.658308 0.658308 2 82 3
8.64918 0.658669 0.658669 2 82 3
8.62919 0.65903 0.65903 2 82 3
8.60919 0.659393 0.659393 2 82 3
8.58919 0.659756 0.659756 2 82 3
8.5692 0.660121 0.660121 2 82 3
8.5492 0.660487 0.660487 2 82 3
8.5292 0.660855 0.660855 2 82 3
8.50921 0.661223 0.661223 2 82 3
8.48921 0.661593 0.661593 2 82 3
8.46921 0.661964 0.661964 2 82 3
8.44922 0.662337 0.662337 2 82 3
8.42922 0.66271 0.66271 2 82 3
8.40922 0.663085 0.663085 2 82 3
8.38923 0.663461 0.663461 2 82 3
8.36923 0.663839 0.663839 2 82 3
8.34924 0.664218 0.664218 2 82 3
8.32924 0.664598 0.664598 2 82 3
8.30924 0.664979 0.664979 2 82 3
8.28925 0.665362 0.665362 2 82 3
8.26925 0.665746 0.665746 2 82 3
8.24925 0.666131 0.666131 2 82 3
8.22926 0.666518 0.666518 2 82 3
8.20926 0.666906 0.666906 2 82 3
8.18926 0.667295 0.667295 2 82 3
8.16927 0.667686 0.667686 2 82 3
8.14927 0.668078 0.668078 2 82 3
8.12928 0.668471 0.668471 2 82 3
8.10928 0.668866 0.668866 2 82 3
8.08928 0.669263 0.669263 2 82 3
8.06929 0.66966 0.66966 2 82 3
8.04929 0.670059 0.670059 2 82 3
8.0293 0.67046 0.67046 2 82 3
8.0093 0.670862 0.670862 2 82 3
7.9893 0.671265 0.671265 2 82 3
7.96931 0.67167 0.67167 2 82 3
7.94931 0.672077 0.672077 2 82 3
7.92932 0.672485 0.672485 2 82 3
7.90932 0.672894 0.672894 2 82 3
7.88933 0.673305 0.673305 2 82 3
7.86933 0.673717 0.673717 2 82 3
7.84933 0.674131 0.674131 2 82 3
7.82934 0.674546 0.674546 2 82 3
7.80934 0.674963 0.674963 2 82 3
7.78935 0.675382 0.675382 2 82 3
7.76935 0.675802 0.675802 2 82 3
7.74936 0.676224 0.676224 2 82 3
7.72936 0.676647 0.676647 2 82 3
7.70936 0.677072 0.677072 2 82 3
7.68937 0.677498 0.677498 2 82 3
7.66937 0.677926 0.677926 2 82 3
7.64938 0.678356 0.678356 2 82 3
7.62938 0.678787 0.678787 2 82 3
7.60939 0.67922 0.67922 2 82 3
7.58939 0.679655 0.679655 2 82 3
7.5694 0.680091 0.680091 2 82 3
7.5494 0.680529 0.680529 2 82 3
7.52941 0.680968 0.680968 2 82 3
7.50941 0.68141 0.68141 2 82 3
7.48942 0.681853 0.681853 2 82 3
7.46942 0.682298 0.682298 2 82 3
7.44943 0.682744 0.682744 2 82 3
7.42943 0.683193 0.683193 2 82 3
7.40944 0.683643 0.683643 2 82 3
7.38944 0.684095 0.684095 2 82 3
7.36945 0.684548 0.684548 2 82 3
7.34945 0.685004 0.685004 2 82 3
7.32946 0.685461 0.685461 2 82 3
7.30946 0.68592 0.68592 2 82 3
7.28947 0.686381 0.686381 2 82 3
7.26947 0.686844 0.686844 2 82 3
7.24948 0.687309 0.687309 2 82 3
7.22948 0.687775 0.687775 2 82 3
7.20949 0.688244 0.688244 2 82 3
7.18949 0.688714 0.688714 2 82 3
7.1695 0.689187 0.689187 2 82 3
7.14951 0.689661 0.689661 2 82 3
7.12951 0.690137 0.690137 2 82 3
7.10952 0.690616 0.690616 2 82 3
7.08952 0.691096 0.691096 2 82 3
7.06953 0.691578 0.691578 2 82 3
7.04953 0.692063 0.692063 2 82 3
7.02954 0.692549 0.692549 2 82 3
7.00955 0.693037 0.693037 2 82 3
6.98955 0.693528 0.693528 2 82 3
6.96956 0.69402 0.69402 2 82 3
6.94956 0.694515 0.694515 2 82 3
6.92957 0.695012 0.695012 2 82 3
6.90958 0.695511 0.695511 2 82 3
6.88958 0.696012 0.696012 2 82 3
6.86959 0.696515 0.696515 2 82 3
6.8496 0.697021 0.697021 2 82 3
6.8296 0.697528 0.697528 2 82 3
6.80961 0.698038 0.698038 2 82 3
6.78962 0.69855 0.69855 2 82 3
6.76962 0.699065 0.699065 2 82 3
6.74963 0.699582 0.699582 2 82 3
6.72964 0.7001 0.7001 2 82 3
6.70964 0.700622 0.700622 2 82 3
6.68965 0.701145 0.701145 2 82 3
6.66966 0.701671 0.701671 2 82 3
6.64966 0.7022 0.7022 2 82 3
6.62967 0.702731 0.702731 2 82 3
6.60968 0.703264 0.703264 2 82 3
6.58968 0.703799 0.703799 2 82 3
6.56969 0.704337 0.704337 2 82 3
6.5497 0.704878 0.704878 2 82 3
6.52971 0.705421 0.705421 2 82 3
6.50971 0.705966 0.705966 2 82 3
6.48972 0.706515 0.706515 2 82 3
6.46973 0.707065 0.707065 2 82 3
6.44974 0.707618 0.707618 2 82 3
6.42974 0.708174 0.708174 2 82 3
6.40975 0.708733 0.708733 2 82 3
6.38976 0.709294 0.709294 2 82 3
6.36977 0.709858 0.709858 2 82 3
6.34978 0.710424 0.710424 2 82 3
6.32978 0.710993 0.710993 2 82 3
6.30979 0.711565 0.711565 2 82 3
6.2898 0.71214 0.71214 2 82 3
6.26981 0.712717 0.712717 2 82 3
6.24982 0.713298 0.713298 2 82 3
6.22983 0.713881 0.713881 2 82 3
6.20983 0.714467 0.714467 2 82 3
6.18984 0.715056 0.715056 2 82 3
6.16985 0.715648 0.715648 2 82 3
6.14986 0.716243 0.716243 2 82 3
6.12987 0.71684 0.71684 2 82 3
6.10988 0.717441 0.717441 2 82 3
6.08989 0.718045 0.718045 2 82 3
6.0699 0.718652 0.718652 2 82 3
6.04991 0.719262 0.719262 2 82 3
6.02992 0.719875 0.719875 2 82 3
6.00993 0.720491 0.720491 2 82 3
5.98993 0.721111 0.721111 2 82 3
5.96994 0.721733 0.721733 2 82 3
5.94995 0.722359 0.722359 2 82 3
5.92996 0.722988 0.722988 2 82 3
5.90997 0.723621 0.723621 2 82 3
5.88998 0.724256 0.724256 2 82 3
5.86999 0.724895 0.724895 2 82 3
5.85 0.725538 0.725538 2 82 3
5.83002 0.726184 0.726184 2 82 3
5.81003 0.726833 0.726833 2 82 3
5.79004 0.727486 0.727486 2 82 3
5.77005 0.728143 0.728143 2 82 3
5.75006 0.728803 0.728803 2 82 3
5.73007 0.729466 0.729466 2 82 3
5.71008 0.730133 0.730133 2 82 3
5.69009 0.730804 0.730804 2 82 3
5.6701 0.731479 0.731479 2 82 3
5.65011 0.732157 0.732157 2 82 3
5.63013 0.732839 0.732839 2 82 3
5.61014 0.733525 0.733525 2 82 3
5.59015 0.734215 0.734215 2 82 3
5.57016 0.734909 0.734909 2 82 3
5.55017 0.735607 0.735607 2 82 3
5.53019 0.736308 0.736308 2 82 3
5.5102 0.737014 0.737014 2 82 3
5.49021 0.737724 0.737724 2 82 3
5.47022 0.738438 0.738438 2 82 3
5.45024 0.739156 0.739156 2 82 3
5.43025 0.739878 0.739878 2 82 3
5.41026 0.740605 0.740605 2 82 3
5.39028 0.741335 0.741335 2 82 3
5.37029 0.742071 0.742071 2 82 3
5.3503 0.74281 0.74281 2 82 3
5.33032 0.743554 0.743554 2 82 3
5.31033 0.744303 0.744303 2 82 3
5.29035 0.745056 0.745056 2 82 3
5.27036 0.745813 0.745813 2 82 3
5.25037 0.746575 0.746575 2 82 3
5.23039 0.747342 0.747342 2 82 3
5.2104 0.748114 0.748114 2 82 3
5.19042 0.74889 0.74889 2 82 3
5.17043 0.749672 0.749672 2 82 3
5.15045 0.750458 0.750458 2 82 3
5.13047 0.751249 0.751249 2 82 3
5.11048 0.752045 0.752045 2 82 3
5.0905 0.752847 0.752847 2 82 3
5.07051 0.753653 0.753653 2 82 3
5.05053 0.754465 0.754465 2 82 3
5.03055 0.755282 0.755282 2 82 3
5.01056 0.756104 0.756104 2 82 3
4.99058 0.756931 0.756931 2 82 3
4.9706 0.757765 0.757765 2 82 3
4.95062 0.758603 0.758603 2 82 3
4.93063 0.759447 0.759447 2 82 3
4.91065 0.760297 0.760297 2 82 3
4.89067 0.761153 0.761153 2 82 3
4.87069 0.762014 0.762014 2 82 3
4.85071 0.762881 0.762881 2 82 3
4.83073 0.763755 0.763755 2 82 3
4.81075 0.764634 0.764634 2 82 3
4.79077 0.765519 0.765519 2 82 3
4.77079 0.76641 0.76641 2 82 3
4.75081 0.767308 0.767308 2 82 3
4.73083 0.768212 0.768212 2 82 3
4.71085 0.769123 0.769123 2 82 3
4.69087 0.77004 0.77004 2 82 3
4.67089 0.770963 0.770963 2 82 3
4.65091 0.771893 0.771893 2 82 3
4.63093 0.77283 0.77283 2 82 3
4.61095 0.773774 0.773774 2 82 3
4.59098 0.774725 0.774725 2 82 3
4.571 0.775683 0.775683 2 82 3
4.55102 0.776648 0.776648 2 82 3
4.53105 0.77762 0.77762 2 82 3
4.51107 0.7786 0.7786 2 82 3
4.4911 0.779586 0.779586 2 82 3
4.47112 0.780581 0.780581 2 82 3
4.45115 0.781583 0.781583 2 82 3
4.43117 0.782593 0.782593 2 82 3
4.4112 0.783611 0.783611 2 82 3
4.39122 0.784636 0.784636 2 82 3
4.37125 0.78567 0.78567 2 82 3
4.35128 0.786712 0.786712 2 82 3
4.3313 0.787762 0.787762 2 82 3
4.31133 0.788821 0.788821 2 82 3
4.29136 0.789888 0.789888 2 82 3
4.27139 0.790964 0.790964 2 82 3
4.25142 0.792049 0.792049 2 82 3
4.23145 0.793143 0.793143 2 82 3
4.21148 0.794246 0.794246 2 82 3
4.19151 0.795358 0.795358 2 82 3
4.17154 0.79648 0.79648 2 82 3
4.15157 0.797611 0.797611 2 82 3
4.13161 0.798751 0.798751 2 82 3
4.11164 0.799902 0.799902 2 82 3
4.09167 0.801062 0.801062 2 82 3
4.07171 0.802233 0.802233 2 82 3
4.05174 0.803414 0.803414 2 82 3
4.03178 0.804606 0.804606 2 82 3
4.01181 0.805808 0.805808 2 82 3
3.99185 0.80702 0.80702 2 82 3
3.97189 0.808244 0.808244 2 82 3
3.95193 0.809479 0.809479 2 82 3
3.93197 0.810726 0.810726 2 82 3
3.91201 0.811984 0.811984 2 82 3
3.89205 0.813254 0.813254 2 82 3
3.87209 0.814535 0.814535 2 82 3
3.85213 0.815829 0.815829 2 82 3
3.83217 0.817135 0.817135 2 82 3
3.81222 0.818454 0.818454 2 82 3
3.79226 0.819786 0.819786 2 82 3
3.7723 0.821131 0.821131 2 82 3
3.75235 0.822489 0.822489 2 82 3
3.7324 0.82386 0.82386 2 82 3
3.71245 0.825245 0.825245 2 82 3
3.69249 0.826645 0.826645 2 82 3
3.67254 0.828058 0.828058 2 82 3
3.6526 0.829486 0.829486 2 82 3
3.63265 0.830929 0.830929 2 82 3
3.6127 0.832387 0.832387 2 82 3
3.59276 0.833861 0.833861 2 82 3
3.57281 0.83535 0.83535 2 82 3
3.55287 0.836855 0.836855 2 82 3
3.53293 0.838377 0.838377 2 82 3
3.51298 0.839915 0.839915 2 82 3
3.49305 0.84147 0.84147 2 82 3
3.47311 0.843042 0.843042 2 82 3
3.45317 0.844632 0.844632 2 82 3
3.43324 0.846241 0.846241 2 82 3
3.4133 0.847867 0.847867 2 82 3
3.39337 0.849513 0.849513 2 82 3
3.37344 0.851177 0.851177 2 82 3
3.35351 0.852861 0.852861 2 82 3
3.33358 0.854566 0.854566 2 82 3
3.31366 0.856291 0.856291 2 82 3
3.29373 0.858036 0.858036 2 82 3
3.27381 0.859803 0.859803 2 82 3
3.25389 0.861592 0.861592 2 82 3
3.23397 0.863404 0.863404 2 82 3
3.21406 0.865238 0.865238 2 82 3
3.19414 0.867096 0.867096 2 82 3
3.17423 0.868977 0.868977 2 82 3
3.15432 0.870884 0.870884 2 82 3
3.13442 0.872815 0.872815 2 82 3
3.11451 0.874772 0.874772 2 82 3
3.09461 0.876755 0.876755 2 82 3
3.07471 0.878766 0.878766 2 82 3
3.05482 0.880804 0.880804 2 82 3
3.03492 0.88287 0.88287 2 82 3
3.01503 0.884966 0.884966 2 82 3
2.99515 0.887091 0.887091 2 82 3
2.97526 0.889247 0.889247 2 82 3
2.95538 0.891435 0.891435 2 82 3
2.93551 0.893655 0.893655 2 82 3
2.91563 0.895908 0.895908 2 82 3
2.89577 0.898195 0.898195 2 82 3
2.8759 0.900517 0.900517 2 82 3
2.85604 0.902875 0.902875 2 82 3
2.83618 0.90527 0.90527 2 82 3
2.81633 0.907703 0.907703 2 82 3
2.79649 0.910175 0.910175 2 82 3
2.77664 0.912687 0.912687 2 82 3
2.75681 0.915241 0.915241 2 82 3
2.73698 0.917838 0.917838 2 82 3
2.71715 0.920479 0.920479 2 82 3
2.69733 0.923165 0.923165 2 82 3
2.67752 0.925898 0.925898 2 82 3
2.65771 0.928679 0.928679 2 82 3
2.63792 0.93151 0.93151 2 82 3
2.61812 0.934393 0.934393 2 82 3
2.59834 0.937329 0.937329 2 82 3
2.57857 0.940319 0.940319 2 82 3
2.5588 0.943367 0.943367 2 82 3
2.53904 0.946473 0.946473 2 82 3
2.51929 0.94964 0.94964 2 82 3
2.49956 0.95287 0.95287 2 82 3
2.47983 0.956166 0.956166 2 82 3
2.46011 0.959529 0.959529 2 82 3
2.44041 0.962962 0.962962 2 82 3
2.42072 0.966467 0.966467 2 82 3
2.40104 0.970048 0.970048 2 82 3
2.38138 0.973708 0.973708 2 82 3
2.36173 0.977449 0.977449 2 82 3
2.3421 0.981274 0.981274 2 82 3
2.32249 0.985188 0.985188 2 82 3
2.30289 0.989193 0.989193 2 82 3
2.28331 0.993294 0.993294 2 82 3
2.26376 0.997495 0.997495 2 82 3
2.24423 1.0018 1.0018 2 82 3
2.22472 1.00621 1.00621 2 82 3
2.20524 1.01074 1.01074 2 82 3
2.18578 1.01538 1.01538 2 82 3
2.16636 1.02015 1.02015 2 82 3
2.14697 1.02504 1.02504 2 82 3
2.12761 1.03008 1.03008 2 82 3
2.10829 1.03525 1.03525 2 82 3
2.08901 1.04057 1.04057 2 82 3
2.06977 1.04605 1.04605 2 82 3
2.05058 1.05169 1.05169 2 82 3
2.03144 1.0575 1.0575 2 82 3
2.01236 1.0635 1.0635 2 82 3
1.99333 1.06968 1.06968 2 82 3
1.97438 1.07606 1.07606 2 82 3
1.95549 1.08266 1.08266 2 82 3
1.93668 1.08947 1.08947 2 82 3
1.91796 1.09651 1.09651 2 82 3
1.89933 1.10381 1.10381 2 82 3
1.8808 1.11136 1.11136 2 82 3
1.86239 1.11918 1.11918 2 82 3
1.8441 1.12728 1.12728 2 82 3
1.82595 1.13569 1.13569 2 82 3
1.80794 1.14442 1.14442 2 82 3
1.7901 1.15348 1.15348 2 82 3
1.77244 1.16289 1.16289 2 82 3
1.75497 1.17266 1.17266 2 82 3
1.73773 1.18282 1.18282 2 82 3
1.72073 1.19337 1.19337 2 82 3
1.70398 1.20435 1.20435 2 82 3
1.68782 1.21618 1.21618 2 82 3
1.67171 1.22803 1.22803 2 82 3
1.65594 1.24034 1.24034 2 82 3
1.64055 1.25311 1.25311 2 82 3
1.62556 1.26635 1.26635 2 82 3
1.61099 1.28005 1.28005 2 82 3
1.59688 1.29423 1.29423 2 82 3
1.58325 1.30886 1.30886 2 82 3
1.57012 1.32395 1.32395 2 82 3
1.55752 1.33948 1.33948 2 82 3
1.54545 1.35544 1.35544 2 82 3
1.53394 1.37179 1.37179 2 82 3
1.52298 1.38852 1.38852 2 82 3
1.51257 1.4056 1.4056 2 82 3
1.50273 1.42301 1.42301 2 82 3
1.49343 1.44072 1.44072 2 82 3
1.48466 1.45869 1.45869 2 82 3
1.47641 1.47691 1.47691 2 82 3
1.46866 1.49535 1.49535 2 82 3
1.46139 1.51399 1.51399 2 82 3
1.45458 1.53279 1.53279 2 82 3
1.4482 1.55175 1.55175 2 82 3
1.44223 1.57084 1.57084 2 82 3
1.43666 1.59004 1.59004 2 82 3
1.43144 1.60935 1.60935 2 82 3
1.42656 1.62875 1.62875 2 82 3
1.42201 1.64823 1.64823 2 82 3
1.41775 1.66777 1.66777 2 82 3
1.41377 1.68737 1.68737 2 82 3
1.41004 1.70702 1.70702 2 82 3
1.40656 1.72672 1.72672 2 82 3
1.40308 1.74641 1.74641 2 82 3
1.40005 1.76618 1.76618 2 82 3
1.39721 1.78599 1.78599 2 82 3
1.39455 1.80581 1.80581 2 82 3
1.39205 1.82566 1.82566 2 82 3
1.38971 1.84552 1.84552 2 82 3
1.38752 1.8654 1.8654 2 82 3
1.38546 1.8853 1.8853 2 82 3
1.38352 1.9052 1.9052 2 82 3
1.38171 1.92512 1.92512 2 82 3
1.38 1.94505 1.94505 2 82 3
1.37839 1.96499 1.96499 2 82 3
1.37687 1.98493 1.98493 2 82 3
1.37545 2.00488 2.00488 2 82 3
1.3741 2.02483 2.02483 2 82 3
1.37283 2.0448 2.0448 2 82 3
1.37164 2.06476 2.06476 2 82 3
1.37051 2.08473 2.08473 2 82 3
1.36944 2.1047 2.1047 2 82 3
1.36844 2.12468 2.12468 2 82 3
1.36749 2.14465 2.14465 2 82 3
1.36658 2.16463 2.16463 2 82 3
1.36573 2.18461 2.18461 2 82 3
1.36493 2.2046 2.2046 2 82 3
1.36416 2.22458 2.22458 2 82 3
1.36344 2.24457 2.24457 2 82 3
1.36275 2.26456 2.26456 2 82 3
1.3621 2.28455 2.28455 2 82 3
1.36148 2.30454 2.30454 2 82 3
1.3609 2.32453 2.32453 2 82 3
1.36034 2.34452 2.34452 2 82 3
1.35981 2.36452 2.36452 2 82 3
1.35931 2.38451 2.38451 2 82 3
1.35883 2.4045 2.4045 2 82 3
1.35837 2.4245 2.4245 2 82 3
1.35794 2.44449 2.44449 2 82 3
1.35753 2.46449 2.46449 2 82 3
1.35713 2.48449 2.48449 2 82 3
1.35676 2.50448 2.50448 2 82 3
1.3564 2.52448 2.52448 2 82 3
1.35606 2.54448 2.54448 2 82 3
1.35574 2.56447 2.56447 2 82 3
1.35543 2.58447 2.58447 2 82 3
1.35513 2.60447 2.60447 2 82 3
1.35485 2.62447 2.62447 2 82 3
1.35458 2.64447 2.64447 2 82 3
1.35432 2.66446 2.66446 2 82 3
1.35407 2.68446 2.68446 2 82 3
1.35384 2.70446 2.70446 2 82 3
1.35361 2.72446 2.72446 2 82 3
1.35339 2.74446 2.74446 2 82 3
1.35319 2.76446 2.76446 2 82 3
1.35299 2.78446 2.78446 2 82 3
1.3528 2.80446 2.80446 2 82 3
1.35262 2.82446 2.82446 2 82 3
1.35244 2.84445 2.84445 2 82 3
1.35228 2.86445 2.86445 2 82 3
1.35212 2.88445 2.88445 2 82 3
1.35196 2.90445 2.90445 2 82 3
1.35182 2.92445 2.92445 2 82 3
1.35167 2.94445 2.94445 2 82 3
1.35154 2.96445 2.96445 2 82 3
1.35141 2.98445 2.98445 2 82 3
1.35128 3.00445 3.00445 2 82 3
1.35116 3.02445 3.02445 2 82 3
1.35105 3.04445 3.04445 2 82 3
1.35093 3.06445 3.06445 2 82 3
1.35083 3.08445 3.08445 2 82 3
1.35072 3.10445 3.10445 2 82 3
1.35063 3.12445 3.12445 2 82 3
1.35053 3.14445 3.14445 2 82 3
1.35044 3.16445 3.16445 2 82 3
1.35035 3.18445 3.18445 2 82 3
1.35027 3.20445 3.20445 2 82 3
1.35018 3.22445 3.22445 2 82 3
1.3501 3.24445 3.24445 2 82 3
1.35003 3.26445 3.26445 2 82 3
1.34995 3.28445 3.28445 2 82 3
