13 3.23535 3.23535 2 1 0
13.0106 3.25762 3.25762 1 1 0
13.0211 3.2799 3.2799 1 1 0
13.0341 3.30777 3.30777 1 1 0
13.047 3.33566 3.33566 1 1 0
13.0599 3.36356 3.36356 1 1 0
13.0726 3.39147 3.39147 1 1 0
13.0853 3.4194 3.4194 1 1 0
13.0978 3.44735 3.44735 1 1 0
13.1102 3.47531 3.47531 1 1 0
13.1226 3.50328 3.50328 1 1 0
13.1348 3.53127 3.53127 1 1 0
13.147 3.55927 3.55927 1 1 0
13.159 3.58729 3.58729 1 1 0
13.171 3.61532 3.61532 1 1 0
13.1828 3.64336 3.64336 1 1 0
13.1946 3.67142 3.67142 1 1 0
13.2063 3.69949 3.69949 1 1 0
13.2179 3.72757 3.72757 1 1 0
13.2294 3.75567 3.75567 1 1 0
13.2408 3.78377 3.78377 1 1 0
13.2521 3.81189 3.81189 1 1 0
13.2633 3.84002 3.84002 1 1 0
13.2744 3.86817 3.86817 1 1 0
13.2855 3.89632 3.89632 1 1 0
13.2964 3.92449 3.92449 1 1 0
13.3073 3.95267 3.95267 1 1 0
13.3181 3.98086 3.98086 1 1 0
13.3287 4.00906 4.00906 1 1 0
13.3393 4.03727 4.03727 1 1 0
13.3499 4.06549 4.06549 1 1 0
13.3603 4.09372 4.09372 1 1 0
13.3707 4.12196 4.12196 1 1 0
13.3809 4.15022 4.15022 1 1 0
13.3911 4.17848 4.17848 1 1 0
13.4012 4.20675 4.20675 1 1 0
13.4112 4.23503 4.23503 1 1 0
13.4212 4.26332 4.26332 1 1 0
13.431 4.29163 4.29163 1 1 0
13.4408 4.31994 4.31994 1 1 0
13.4505 4.34825 4.34825 1 1 0
13.4601 4.37658 4.37658 1 1 0
13.4696 4.40492 4.40492 1 1 0
13.4791 4.43327 4.43327 1 1 0
13.4885 4.46162 4.46162 1 1 0
13.4978 4.48998 4.48998 1 1 0
13.507 4.51836 4.51836 1 1 0
13.5162 4.54673 4.54673 1 1 0
13.5253 4.57512 4.57512 1 1 0
13.5343 4.60352 4.60352 1 1 0
13.5432 4.63192 4.63192 1 1 0
13.5521 4.66033 4.66033 1 1 0
13.5609 4.68875 4.68875 1 1 0
13.5696 4.71718 4.71718 1 1 0
13.5782 4.74561 4.74561 1 1 0
13.5868 4.77405 4.77405 1 1 0
13.5953 4.8025 4.8025 1 1 0
13.6037 4.83095 4.83095 1 1 0
13.6121 4.85941 4.85941 1 1 0
13.6204 4.88788 4.88788 1 1 0
13.6286 4.91635 4.91635 1 1 0
13.6367 4.94484 4.94484 1 1 0
13.6448 4.97332 4.97332 1 1 0
13.6528 5.00182 5.00182 1 1 0
13.6608 5.03032 5.03032 1 1 0
13.6687 5.05882 5.05882 1 1 0
13.6765 5.08733 5.08733 1 1 0
13.6843 5.11585 5.11585 1 1 0
13.692 5.14438 5.14438 1 1 0
13.6996 5.17291 5.17291 1 1 0
13.7072 5.20144 5.20144 1 1 0
13.7147 5.22998 5.22998 1 1 0
13.7221 5.25853 5.25853 1 1 0
13.7295 5.28708 5.28708 1 1 0
13.7368 5.31564 5.31564 1 1 0
13.744 5.3442 5.3442 1 1 0
13.7512 5.37277 5.37277 1 1 0
13.7584 5.40134 5.40134 1 1 0
13.7654 5.42992 5.42992 1 1 0
13.7725 5.4585 5.4585 1 1 0
13.7794 5.48708 5.48708 1 1 0
13.7863 5.51568 5.51568 1 1 0
13.7931 5.54427 5.54427 1 1 0
13.7999 5.57287 5.57287 1 1 0
13.8067 5.60148 5.60148 1 1 0
13.8133 5.63009 5.63009 1 1 0
13.8199 5.6587 5.6587 1 1 0
13.8265 5.68732 5.68732 1 1 0
13.833 5.71594 5.71594 1 1 0
13.8394 5.74457 5.74457 1 1 0
13.8458 5.7732 5.7732 1 1 0
13.8522 5.80183 5.80183 1 1 0
13.8585 5.83047 5.83047 1 1 0
13.8647 5.85911 5.85911 1 1 0
13.8709 5.88776 5.88776 1 1 0
13.877 5.91641 5.91641 1 1 0
13.8831 5.94506 5.94506 1 1 0
13.8891 5.97372 5.97372 1 1 0
13.8951 6.00238 6.00238 1 1 0
13.901 6.03105 6.03105 1 1 0
13.9069 6.05971 6.05971 1 1 0
13.9127 6.08838 6.08838 1 1 0
13.9185 6.11706 6.11706 1 1 0
13.9242 6.14574 6.14574 1 1 0
13.9299 6.17442 6.17442 1 1 0
13.9355 6.2031 6.2031 1 1 0
13.9411 6.23179 6.23179 1 1 0
13.9466 6.26048 6.26048 1 1 0
13.9521 6.28917 6.28917 1 1 0
13.9576 6.31787 6.31787 1 1 0
13.963 6.34657 6.34657 1 1 0
13.9683 6.37527 6.37527 1 1 0
13.9736 6.40397 6.40397 1 1 0
13.9789 6.43268 6.43268 1 1 0
13.9841 6.46139 6.46139 1 1 0
13.9893 6.4901 6.4901 1 1 0
13.9944 6.51882 6.51882 1 1 0
13.9995 6.54754 6.54754 1 1 0
14.0045 6.57626 6.57626 1 1 0
14.0095 6.60498 6.60498 1 1 0
14.0145 6.6337 6.6337 1 1 0
14.0194 6.66243 6.66243 1 1 0
14.0243 6.69116 6.69116 1 1 0
14.0291 6.71989 6.71989 1 1 0
14.0339 6.74863 6.74863 1 1 0
14.0386 6.77737 6.77737 1 1 0
14.0433 6.80611 6.80611 1 1 0
14.048 6.83485 6.83485 1 1 0
14.0526 6.86359 6.86359 1 1 0
14.0572 6.89234 6.89234 1 1 0
14.0618 6.92108 6.92108 1 1 0
14.0663 6.94983 6.94983 1 1 0
14.0708 6.97859 6.97859 1 1 0
14.0752 7.00734 7.00734 1 1 0
14.0796 7.0361 7.0361 1 1 0
14.0839 7.06485 7.06485 1 1 0
14.0883 7.09361 7.09361 1 1 0
14.0926 7.12237 7.12237 1 1 0
14.0968 7.15114 7.15114 1 1 0
14.101 7.1799 7.1799 1 1 0
14.1052 7.20867 7.20867 1 1 0
14.1093 7.23744 7.23744 1 1 0
14.1134 7.26621 7.26621 1 1 0
14.1175 7.29498 7.29498 1 1 0
14.1215 7.32375 7.32375 1 1 0
14.1255 7.35253 7.35253 1 1 0
14.1295 7.3813 7.3813 1 1 0
14.1334 7.41008 7.41008 1 1 0
14.1373 7.43886 7.43886 1 1 0
14.1412 7.46764 7.46764 1 1 0
14.145 7.49642 7.49642 1 1 0
14.1488 7.52521 7.52521 1 1 0
14.1526 7.55399 7.55399 1 1 0
14.1563 7.58278 7.58278 1 1 0
14.1601 7.61157 7.61157 1 1 0
14.1637 7.64036 7.64036 1 1 0
14.1674 7.66915 7.66915 1 1 0
14.171 7.69794 7.69794 1 1 0
14.1746 7.72674 7.72674 1 1 0
14.1781 7.75553 7.75553 1 1 0
14.1816 7.78433 7.78433 1 1 0
14.1851 7.81312 7.81312 1 1 0
14.1886 7.84192 7.84192 1 1 0
14.192 7.87072 7.87072 1 1 0
14.1954 7.89952 7.89952 1 1 0
14.1988 7.92832 7.92832 1 1 0
14.2021 7.95713 7.95713 1 1 0
14.2054 7.98593 7.98593 1 1 0
14.2087 8.01474 8.01474 1 1 0
14.212 8.04354 8.04354 1 1 0
14.2152 8.07235 8.07235 1 1 0
14.2184 8.10116 8.10116 1 1 0
14.2216 8.12997 8.12997 1 1 0
14.2247 8.15878 8.15878 1 1 0
14.2278 8.18759 8.18759 1 1 0
14.2309 8.2164 8.2164 1 1 0
14.234 8.24521 8.24521 1 1 0
14.237 8.27403 8.27403 1 1 0
14.24 8.30284 8.30284 1 1 0
14.243 8.33166 8.33166 1 1 0
14.246 8.36048 8.36048 1 1 0
14.2489 8.38929 8.38929 1 1 0
14.2518 8.41811 8.41811 1 1 0
14.2547 8.44693 8.44693 1 1 0
14.2576 8.47575 8.47575 1 1 0
14.2604 8.50457 8.50457 1 1 0
14.2632 8.5334 8.5334 1 1 0
14.266 8.56222 8.56222 1 1 0
14.2688 8.59104 8.59104 1 1 0
14.2715 8.61987 8.61987 1 1 0
14.2742 8.64869 8.64869 1 1 0
14.2769 8.67752 8.67752 1 1 0
14.2796 8.70634 8.70634 1 1 0
14.2822 8.73517 8.73517 1 1 0
14.2849 8.764 8.764 1 1 0
14.2875 8.79283 8.79283 1 1 0
14.29 8.82165 8.82165 1 1 0
14.2926 8.85048 8.85048 1 1 0
14.2951 8.87931 8.87931 1 1 0
14.2976 8.90815 8.90815 1 1 0
14.3001 8.93698 8.93698 1 1 0
14.3026 8.96581 8.96581 1 1 0
14.3051 8.99464 8.99464 1 1 0
14.3075 9.02348 9.02348 1 1 0
14.3099 9.05231 9.05231 1 1 0
14.3123 9.08114 9.08114 1 1 0
14.3147 9.10998 9.10998 1 1 0
14.317 9.13882 9.13882 1 1 0
14.3193 9.16765 9.16765 1 1 0
14.3216 9.19649 9.19649 1 1 0
14.3239 9.22533 9.22533 1 1 0
14.3262 9.25416 9.25416 1 1 0
14.3284 9.283 9.283 1 1 0
14.3307 9.31184 9.31184 1 1 0
14.3329 9.34068 9.34068 1 1 0
14.3351 9.36952 9.36952 1 1 0
14.3372 9.39836 9.39836 1 1 0
14.3394 9.4272 9.4272 1 1 0
14.3415 9.45604 9.45604 1 1 0
14.3436 9.48488 9.48488 1 1 0
14.3457 9.51373 9.51373 1 1 0
14.3478 9.54257 9.54257 1 1 0
14.3499 9.57141 9.57141 1 1 0
14.3519 9.60026 9.60026 1 1 0
14.3539 9.6291 9.6291 1 1 0
14.3559 9.65794 9.65794 1 1 0
14.3579 9.68679 9.68679 1 1 0
14.3599 9.71563 9.71563 1 1 0
14.3619 9.74448 9.74448 1 1 0
14.3638 9.77332 9.77332 1 1 0
14.3657 9.80217 9.80217 1 1 0
14.3676 9.83102 9.83102 1 1 0
14.3695 9.85986 9.85986 1 1 0
14.3714 9.88871 9.88871 1 1 0
14.3733 9.91756 9.91756 1 1 0
14.3751 9.94641 9.94641 1 1 0
14.3769 9.97525 9.97525 1 1 0
14.3787 10.0041 10.0041 1 1 0
14.3805 10.033 10.033 1 1 0
14.3823 10.0618 10.0618 1 1 0
14.3841 10.0907 10.0907 1 1 0
14.3858 10.1195 10.1195 1 1 0
14.3876 10.1484 10.1484 1 1 0
14.3877 10.15 10.15 2 1 0
14.3894 10.1789 10.1789 2 1 0
14.3911 10.2077 10.2077 2 1 0
14.3928 10.2366 10.2366 2 1 0
14.3944 10.2654 10.2654 2 1 0
14.3961 10.2943 10.2943 2 1 0
14.3978 10.3231 10.3231 2 1 0
14.3994 10.352 10.352 2 1 0
14.401 10.3808 10.3808 2 1 0
14.4026 10.4097 10.4097 2 1 0
14.4042 10.4385 10.4385 2 1 0
14.4058 10.4674 10.4674 2 1 0
14.4073 10.4963 10.4963 2 1 0
14.4089 10.5251 10.5251 2 1 0
14.4104 10.554 10.554 2 1 0
14.4119 10.5828 10.5828 2 1 0
14.4134 10.6117 10.6117 2 1 0
14.4149 10.6405 10.6405 2 1 0
14.4164 10.6694 10.6694 2 1 0
14.4179 10.6982 10.6982 2 1 0
14.4194 10.7271 10.7271 2 1 0
14.4208 10.7559 10.7559 2 1 0
14.4222 10.7848 10.7848 2 1 0
14.4237 10.8137 10.8137 2 1 0
14.4251 10.8425 10.8425 2 1 0
14.4265 10.8714 10.8714 2 1 0
14.4278 10.9002 10.9002 2 1 0
14.4292 10.9291 10.9291 2 1 0
14.4306 10.9579 10.9579 2 1 0
14.4319 10.9868 10.9868 2 1 0
14.4333 11.0157 11.0157 2 1 0
14.4346 11.0445 11.0445 2 1 0
14.4359 11.0734 11.0734 2 1 0
14.4372 11.1022 11.1022 2 1 0
14.4385 11.1311 11.1311 2 1 0
14.4398 11.1599 11.1599 2 1 0
14.441 11.1888 11.1888 2 1 0
14.4423 11.2177 11.2177 2 1 0
14.4436 11.2465 11.2465 2 1 0
14.4448 11.2754 11.2754 2 1 0
14.446 11.3042 11.3042 2 1 0
14.4472 11.3331 11.3331 2 1 0
14.4484 11.362 11.362 2 1 0
14.4496 11.3908 11.3908 2 1 0
14.4508 11.4197 11.4197 2 1 0
14.452 11.4485 11.4485 2 1 0
14.4532 11.4774 11.4774 2 1 0
14.4543 11.5063 11.5063 2 1 0
14.4555 11.5351 11.5351 2 1 0
14.4566 11.564 11.564 2 1 0
14.4577 11.5928 11.5928 2 1 0
14.4588 11.6217 11.6217 2 1 0
14.4599 11.6506 11.6506 2 1 0
14.461 11.6794 11.6794 2 1 0
14.4621 11.7083 11.7083 2 1 0
14.4632 11.7371 11.7371 2 1 0
14.4643 11.766 11.766 2 1 0
14.4653 11.7949 11.7949 2 1 0
14.4664 11.8237 11.8237 2 1 0
14.4674 11.8526 11.8526 2 1 0
14.4684 11.8814 11.8814 2 1 0
14.4695 11.9103 11.9103 2 1 0
14.4705 11.9392 11.9392 2 1 0
14.4715 11.968 11.968 2 1 0
14.4725 11.9969 11.9969 2 1 0
14.4735 12.0257 12.0257 2 1 0
14.4744 12.0546 12.0546 2 1 0
14.4754 12.0835 12.0835 2 1 0
14.4764 12.1123 12.1123 2 1 0
14.4773 12.1412 12.1412 2 1 0
14.4783 12.1701 12.1701 2 1 0
14.4792 12.1989 12.1989 2 1 0
14.4801 12.2278 12.2278 2 1 0
14.4811 12.2566 12.2566 2 1 0
14.482 12.2855 12.2855 2 1 0
14.4829 12.3144 12.3144 2 1 0
14.4838 12.3432 12.3432 2 1 0
14.4847 12.3721 12.3721 2 1 0
14.4856 12.401 12.401 2 1 0
14.4864 12.4298 12.4298 2 1 0
14.4873 12.4587 12.4587 2 1 0
14.4882 12.4875 12.4875 2 1 0
14.489 12.5164 12.5164 2 1 0
14.4899 12.5453 12.5453 2 1 0
14.4907 12.5741 12.5741 2 1 0
14.4915 12.603 12.603 2 1 0
14.4923 12.6319 12.6319 2 1 0
14.4932 12.6607 12.6607 2 1 0
14.494 12.6896 12.6896 2 1 0
14.4948 12.7185 12.7185 2 1 0
14.4956 12.7473 12.7473 2 1 0
14.4964 12.7762 12.7762 2 1 0
14.4971 12.805 12.805 2 1 0
14.4979 12.8339 12.8339 2 1 0
14.4987 12.8628 12.8628 2 1 0
14.4994 12.8916 12.8916 2 1 0
14.5002 12.9205 12.9205 2 1 0
14.501 12.9494 12.9494 2 1 0
14.5017 12.9782 12.9782 2 1 0
14.5024 13.0071 13.0071 2 1 0
14.5032 13.036 13.036 2 1 0
14.5039 13.0648 13.0648 2 1 0
14.5046 13.0937 13.0937 2 1 0
14.5053 13.1226 13.1226 2 1 0
14.506 13.1514 13.1514 2 1 0
14.5067 13.1803 13.1803 2 1 0
14.5074 13.2092 13.2092 2 1 0
14.5081 13.238 13.238 2 1 0
14.5088 13.2669 13.2669 2 1 0
14.5094 13.2957 13.2957 2 1 0
14.5101 13.3246 13.3246 2 1 0
14.5108 13.3535 13.3535 2 1 0
14.5114 13.3823 13.3823 2 1 0
14.5121 13.4112 13.4112 2 1 0
14.5127 13.4401 13.4401 2 1 0
14.5134 13.4689 13.4689 2 1 0
14.514 13.4978 13.4978 2 1 0
14.5146 13.5267 13.5267 2 1 0
14.5153 13.5555 13.5555 2 1 0
14.5159 13.5844 13.5844 2 1 0
14.5165 13.6133 13.6133 2 1 0
14.5171 13.6421 13.6421 2 1 0
14.5177 13.671 13.671 2 1 0
14.5183 13.6999 13.6999 2 1 0
14.5189 13.7287 13.7287 2 1 0
14.5195 13.7576 13.7576 2 1 0
14.5201 13.7865 13.7865 2 1 0
14.5206 13.8153 13.8153 2 1 0
14.5212 13.8442 13.8442 2 1 0
14.5218 13.8731 13.8731 2 1 0
14.5224 13.9019 13.9019 2 1 0
14.5229 13.9308 13.9308 2 1 0
14.5235 13.9596 13.9596 2 1 0
14.524 13.9885 13.9885 2 1 0
14.5246 14.0174 14.0174 2 1 0
14.5251 14.0462 14.0462 2 1 0
14.5256 14.0751 14.0751 2 1 0
14.5262 14.104 14.104 2 1 0
14.5267 14.1328 14.1328 2 1 0
14.5272 14.1617 14.1617 2 1 0
14.5277 14.1906 14.1906 2 1 0
14.5282 14.2194 14.2194 2 1 0
14.5287 14.2483 14.2483 2 1 0
14.5292 14.2772 14.2772 2 1 0
14.5297 14.306 14.306 2 1 0
14.5302 14.3349 14.3349 2 1 0
14.5307 14.3638 14.3638 2 1 0
14.5312 14.3926 14.3926 2 1 0
14.5317 14.4215 14.4215 2 1 0
14.5322 14.4504 14.4504 2 1 0
14.5326 14.4792 14.4792 2 1 0
14.5331 14.5081 14.5081 2 1 0
14.5336 14.537 14.537 2 1 0
14.534 14.5658 14.5658 2 1 0
14.5345 14.5947 14.5947 2 1 0
14.5349 14.6236 14.6236 2 1 0
14.5354 14.6524 14.6524 2 1 0
14.5358 14.6813 14.6813 2 1 0
14.5363 14.7102 14.7102 2 1 0
14.5367 14.739 14.739 2 1 0
14.5372 14.7679 14.7679 2 1 0
14.5376 14.7968 14.7968 2 1 0
14.538 14.8256 14.8256 2 1 0
14.5384 14.8545 14.8545 2 1 0
14.5388 14.8834 14.8834 2 1 0
14.5393 14.9122 14.9122 2 1 0
14.5397 14.9411 14.9411 2 1 0
14.5401 14.97 14.97 2 1 0
14.5405 14.9988 14.9988 2 1 0
14.5409 15.0277 15.0277 2 1 0
14.5413 15.0566 15.0566 2 1 0
14.5417 15.0854 15.0854 2 1 0
14.5421 15.1143 15.1143 2 1 0
14.5425 15.1432 15.1432 2 1 0
14.5428 15.172 15.172 2 1 0
14.5432 15.2009 15.2009 2 1 0
14.5436 15.2298 15.2298 2 1 0
14.544 15.2586 15.2586 2 1 0
14.5444 15.2875 15.2875 2 1 0
14.5447 15.3164 15.3164 2 1 0
14.5451 15.3452 15.3452 2 1 0
14.5454 15.3741 15.3741 2 1 0
14.5458 15.403 15.403 2 1 0
14.5462 15.4318 15.4318 2 1 0
14.5465 15.4607 15.4607 2 1 0
14.5469 15.4896 15.4896 2 1 0
14.5472 15.5184 15.5184 2 1 0
14.5476 15.5473 15.5473 2 1 0
14.5479 15.5762 15.5762 2 1 0
14.5482 15.605 15.605 2 1 0
14.5486 15.6339 15.6339 2 1 0
14.5489 15.6628 15.6628 2 1 0
14.5492 15.6916 15.6916 2 1 0
14.5496 15.7205 15.7205 2 1 0
14.5499 15.7494 15.7494 2 1 0
14.5502 15.7782 15.7782 2 1 0
14.5505 15.8071 15.8071 2 1 0
14.5508 15.836 15.836 2 1 0
14.5511 15.8648 15.8648 2 1 0
14.5515 15.8937 15.8937 2 1 0
14.5518 15.9226 15.9226 2 1 0
14.5521 15.9514 15.9514 2 1 0
14.5524 15.9803 15.9803 2 1 0
14.5527 16.0092 16.0092 2 1 0
14.553 16.038 16.038 2 1 0
14.5533 16.0669 16.0669 2 1 0
14.5535 16.0958 16.0958 2 1 0
14.5538 16.1246 16.1246 2 1 0
14.5541 16.1535 16.1535 2 1 0
14.5544 16.1824 16.1824 2 1 0
14.5547 16.2112 16.2112 2 1 0
14.555 16.2401 16.2401 2 1 0
14.5552 16.269 16.269 2 1 0
14.5555 16.2978 16.2978 2 1 0
14.5558 16.3267 16.3267 2 1 0
14.5561 16.3556 16.3556 2 1 0
14.5563 16.3844 16.3844 2 1 0
14.5566 16.4133 16.4133 2 1 0
14.5569 16.4422 16.4422 2 1 0
14.5571 16.471 16.471 2 1 0
14.5574 16.4999 16.4999 2 1 0
14.5576 16.5288 16.5288 2 1 0
14.5579 16.5576 16.5576 2 1 0
14.5581 16.5865 16.5865 2 1 0
14.5584 16.6154 16.6154 2 1 0
14.5586 16.6442 16.6442 2 1 0
14.5589 16.6731 16.6731 2 1 0
14.5591 16.702 16.702 2 1 0
14.5594 16.7308 16.7308 2 1 0
14.5596 16.7597 16.7597 2 1 0
14.5598 16.7886 16.7886 2 1 0
14.5601 16.8175 16.8175 2 1 0
14.5603 16.8463 16.8463 2 1 0
14.5605 16.8752 16.8752 2 1 0
14.5608 16.9041 16.9041 2 1 0
14.561 16.9329 16.9329 2 1 0
14.5612 16.9618 16.9618 2 1 0
14.5614 16.9907 16.9907 2 1 0
14.5617 17.0195 17.0195 2 1 0
14.5619 17.0484 17.0484 2 1 0
14.5621 17.0773 17.0773 2 1 0
14.5623 17.1061 17.1061 2 1 0
14.5625 17.135 17.135 2 1 0
14.5627 17.1639 17.1639 2 1 0
14.5629 17.1927 17.1927 2 1 0
14.5631 17.2216 17.2216 2 1 0
14.5634 17.2505 17.2505 2 1 0
14.5636 17.2793 17.2793 2 1 0
14.5638 17.3082 17.3082 2 1 0
14.564 17.3371 17.3371 2 1 0
14.5642 17.3659 17.3659 2 1 0
14.5644 17.3948 17.3948 2 1 0
14.5646 17.4237 17.4237 2 1 0
14.5647 17.4525 17.4525 2 1 0
14.5649 17.4814 17.4814 2 1 0
14.5651 17.5103 17.5103 2 1 0
14.5653 17.5391 17.5391 2 1 0
14.5655 17.568 17.568 2 1 0
14.5657 17.5969 17.5969 2 1 0
14.5659 17.6257 17.6257 2 1 0
14.5661 17.6546 17.6546 2 1 0
14.5662 17.6835 17.6835 2 1 0
14.5664 17.7123 17.7123 2 1 0
14.5666 17.7412 17.7412 2 1 0
14.5668 17.7701 17.7701 2 1 0
14.5669 17.7989 17.7989 2 1 0
14.5671 17.8278 17.8278 2 1 0
14.5673 17.8567 17.8567 2 1 0
14.5675 17.8855 17.8855 2 1 0
14.5676 17.9144 17.9144 2 1 0
14.5678 17.9433 17.9433 2 1 0
14.568 17.9721 17.9721 2 1 0
14.5681 18.001 18.001 2 1 0
14.5683 18.0299 18.0299 2 1 0
14.5685 18.0587 18.0587 2 1 0
14.5686 18.0876 18.0876 2 1 0
14.5688 18.1165 18.1165 2 1 0
14.5689 18.1453 18.1453 2 1 0
14.5691 18.1742 18.1742 2 1 0
14.5692 18.2031 18.2031 2 1 0
14.5694 18.2319 18.2319 2 1 0
14.5695 18.2608 18.2608 2 1 0
14.5697 18.2897 18.2897 2 1 0
14.5698 18.3186 18.3186 2 1 0
14.57 18.3474 18.3474 2 1 0
14.5701 18.3763 18.3763 2 1 0
14.5703 18.4052 18.4052 2 1 0
14.5704 18.434 18.434 2 1 0
14.5706 18.4629 18.4629 2 1 0
14.5707 18.4918 18.4918 2 1 0
14.5709 18.5206 18.5206 2 1 0
14.571 18.5495 18.5495 2 1 0
14.5711 18.5784 18.5784 2 1 0
14.5713 18.6072 18.6072 2 1 0
14.5714 18.6361 18.6361 2 1 0
14.5715 18.665 18.665 2 1 0
14.5717 18.6938 18.6938 2 1 0
14.5718 18.7227 18.7227 2 1 0
14.5719 18.7516 18.7516 2 1 0
14.5721 18.7804 18.7804 2 1 0
14.5722 18.8093 18.8093 2 1 0
14.5723 18.8382 18.8382 2 1 0
14.5725 18.867 18.867 2 1 0
14.5726 18.8959 18.8959 2 1 0
14.5727 18.9248 18.9248 2 1 0
14.5728 18.9536 18.9536 2 1 0
14.573 18.9825 18.9825 2 1 0
14.5731 19.0114 19.0114 2 1 0
14.5732 19.0402 19.0402 2 1 0
14.5733 19.0691 19.0691 2 1 0
14.5734 19.098 19.098 2 1 0
14.5736 19.1268 19.1268 2 1 0
14.5737 19.1557 19.1557 2 1 0
14.5738 19.1846 19.1846 2 1 0
14.5739 19.2134 19.2134 2 1 0
14.574 19.2423 19.2423 2 1 0
14.5741 19.2712 19.2712 2 1 0
14.5742 19.3 19.3 2 1 0
14.5743 19.3289 19.3289 2 1 0
14.5745 19.3578 19.3578 2 1 0
14.5746 19.3866 19.3866 2 1 0
14.5747 19.4155 19.4155 2 1 0
14.5748 19.4444 19.4444 2 1 0
14.5749 19.4732 19.4732 2 1 0
14.575 19.5021 19.5021 2 1 0
14.5751 19.531 19.531 2 1 0
14.5752 19.5599 19.5599 2 1 0
14.5753 19.5887 19.5887 2 1 0
14.5754 19.6176 19.6176 2 1 0
14.5755 19.6465 19.6465 2 1 0
14.5756 19.6753 19.6753 2 1 0
14.5757 19.7042 19.7042 2 1 0
14.5758 19.7331 19.7331 2 1 0
14.5759 19.7619 19.7619 2 1 0
14.576 19.7908 19.7908 2 1 0
14.5761 19.8197 19.8197 2 1 0
14.5762 19.8485 19.8485 2 1 0
14.5763 19.8774 19.8774 2 1 0
14.5764 19.9063 19.9063 2 1 0
14.5765 19.9351 19.9351 2 1 0
14.5765 19.964 19.964 2 1 0
14.5766 19.9929 19.9929 2 1 0
14.5767 20.0217 20.0217 2 1 0
14.5768 20.0506 20.0506 2 1 0
14.5769 20.0795 20.0795 2 1 0
14.577 20.1083 20.1083 2 1 0
14.5771 20.1372 20.1372 2 1 0
14.5772 20.1661 20.1661 2 1 0
14.5772 20.1949 20.1949 2 1 0
14.5773 20.2238 20.2238 2 1 0
14.5774 20.2527 20.2527 2 1 0
14.5775 20.2815 20.2815 2 1 0
14.5776 20.3104 20.3104 2 1 0
14.5777 20.3393 20.3393 2 1 0
14.5777 20.3681 20.3681 2 1 0
14.5778 20.397 20.397 2 1 0
14.5779 20.4259 20.4259 2 1 0
14.578 20.4547 20.4547 2 1 0
14.5781 20.4836 20.4836 2 1 0
14.5781 20.5125 20.5125 2 1 0
14.5782 20.5413 20.5413 2 1 0
14.5783 20.5702 20.5702 2 1 0
14.5784 20.5991 20.5991 2 1 0
14.5784 20.6279 20.6279 2 1 0
14.5785 20.6568 20.6568 2 1 0
14.5786 20.6857 20.6857 2 1 0
14.5787 20.7145 20.7145 2 1 0
14.5787 20.7434 20.7434 2 1 0
14.5788 20.7723 20.7723 2 1 0
14.5789 20.8012 20.8012 2 1 0
14.5789 20.83 20.83 2 1 0
14.579 20.8589 20.8589 2 1 0
14.5791 20.8878 20.8878 2 1 0
14.5792 20.9166 20.9166 2 1 0
14.5792 20.9455 20.9455 2 1 0
14.5793 20.9744 20.9744 2 1 0
14.5794 21.0032 21.0032 2 1 0
14.5794 21.0321 21.0321 2 1 0
14.5795 21.061 21.061 2 1 0
14.5796 21.0898 21.0898 2 1 0
14.5796 21.1187 21.1187 2 1 0
14.5797 21.1476 21.1476 2 1 0
14.5797 21.1764 21.1764 2 1 0
14.5798 21.2053 21.2053 2 1 0
14.5799 21.2342 21.2342 2 1 0
14.5799 21.263 21.263 2 1 0
14.58 21.2919 21.2919 2 1 0
14.5801 21.3208 21.3208 2 1 0
14.5801 21.3496 21.3496 2 1 0
14.5802 21.3785 21.3785 2 1 0
14.5802 21.4074 21.4074 2 1 0
14.5803 21.4362 21.4362 2 1 0
14.5804 21.4651 21.4651 2 1 0
14.5804 21.494 21.494 2 1 0
14.5805 21.5228 21.5228 2 1 0
14.5805 21.5517 21.5517 2 1 0
14.5806 21.5806 21.5806 2 1 0
14.5806 21.6094 21.6094 2 1 0
14.5807 21.6383 21.6383 2 1 0
14.5807 21.6672 21.6672 2 1 0
14.5808 21.696 21.696 2 1 0
14.5809 21.7249 21.7249 2 1 0
14.5809 21.7538 21.7538 2 1 0
14.581 21.7826 21.7826 2 1 0
14.581 21.8115 21.8115 2 1 0
14.5811 21.8404 21.8404 2 1 0
14.5811 21.8692 21.8692 2 1 0
14.5812 21.8981 21.8981 2 1 0
14.5812 21.927 21.927 2 1 0
14.5813 21.9559 21.9559 2 1 0
14.5813 21.9847 21.9847 2 1 0
14.5814 22.0136 22.0136 2 1 0
14.5814 22.0425 22.0425 2 1 0
14.5815 22.0713 22.0713 2 1 0
14.5815 22.1002 22.1002 2 1 0
14.5816 22.1291 22.1291 2 1 0
14.5816 22.1579 22.1579 2 1 0
14.5817 22.1868 22.1868 2 1 0
14.5817 22.2157 22.2157 2 1 0
14.5817 22.2445 22.2445 2 1 0
14.5818 22.2734 22.2734 2 1 0
14.5818 22.3023 22.3023 2 1 0
14.5819 22.3311 22.3311 2 1 0
14.5819 22.36 22.36 2 1 0
14.582 22.3889 22.3889 2 1 0
14.582 22.4177 22.4177 2 1 0
14.5821 22.4466 22.4466 2 1 0
14.5821 22.4755 22.4755 2 1 0
14.5821 22.5043 22.5043 2 1 0
14.5822 22.5332 22.5332 2 1 0
14.5822 22.5621 22.5621 2 1 0
14.5823 22.5909 22.5909 2 1 0
14.5823 22.6198 22.6198 2 1 0
14.5824 22.6487 22.6487 2 1 0
14.5824 22.6775 22.6775 2 1 0
14.5824 22.7064 22.7064 2 1 0
14.5825 22.7353 22.7353 2 1 0
14.5825 22.7641 22.7641 2 1 0
14.5826 22.793 22.793 2 1 0
14.5826 22.8219 22.8219 2 1 0
14.5826 22.8507 22.8507 2 1 0
14.5827 22.8796 22.8796 2 1 0
14.5827 22.9085 22.9085 2 1 0
14.5827 22.9373 22.9373 2 1 0
14.5828 22.9662 22.9662 2 1 0
14.5828 22.9951 22.9951 2 1 0
14.5829 23.0239 23.0239 2 1 0
14.5829 23.0528 23.0528 2 1 0
14.5829 23.0817 23.0817 2 1 0
14.583 23.1106 23.1106 2 1 0
14.583 23.1394 23.1394 2 1 0
14.583 23.1683 23.1683 2 1 0
14.5831 23.1972 23.1972 2 1 0
14.5831 23.226 23.226 2 1 0
14.5831 23.2549 23.2549 2 1 0
14.5832 23.2838 23.2838 2 1 0
14.5832 23.3126 23.3126 2 1 0
14.5832 23.3126 23.3126 2 1 0
14.5832 23.3357 23.3357 2 1 0
14.5833 23.3588 23.3588 2 1 0
14.5833 23.3877 23.3877 2 1 0
14.5833 23.4165 23.4165 2 1 0
14.5833 23.4454 23.4454 2 1 0
14.5834 23.4743 23.4743 2 1 0
14.5834 23.5031 23.5031 2 1 0
14.5834 23.532 23.532 2 1 0
14.5835 23.5609 23.5609 2 1 0
14.5835 23.5898 23.5898 2 1 0
14.5835 23.6186 23.6186 2 1 0
14.5836 23.6475 23.6475 2 1 0
14.5836 23.6764 23.6764 2 1 0
14.5836 23.7052 23.7052 2 1 0
14.5837 23.7341 23.7341 2 1 0
14.5837 23.763 23.763 2 1 0
14.5837 23.7918 23.7918 2 1 0
14.5837 23.8207 23.8207 2 1 0
14.5838 23.8496 23.8496 2 1 0
14.5838 23.8784 23.8784 2 1 0
14.5838 23.9073 23.9073 2 1 0
14.5839 23.9362 23.9362 2 1 0
14.5839 23.965 23.965 2 1 0
14.5839 23.9939 23.9939 2 1 0
14.5839 24.0228 24.0228 2 1 0
14.584 24.0516 24.0516 2 1 0
14.584 24.0805 24.0805 2 1 0
14.584 24.1094 24.1094 2 1 0
14.584 24.1382 24.1382 2 1 0
14.5841 24.1671 24.1671 2 1 0
14.5841 24.196 24.196 2 1 0
14.5841 24.2248 24.2248 2 1 0
14.5841 24.2537 24.2537 2 1 0
14.5842 24.2826 24.2826 2 1 0
14.5842 24.3114 24.3114 2 1 0
14.5842 24.3403 24.3403 2 1 0
14.5842 24.3692 24.3692 2 1 0
14.5843 24.398 24.398 2 1 0
14.5843 24.4269 24.4269 2 1 0
14.5843 24.4558 24.4558 2 1 0
14.5843 24.4846 24.4846 2 1 0
14.5844 24.5135 24.5135 2 1 0
14.5844 24.5424 24.5424 2 1 0
14.5844 24.5712 24.5712 2 1 0
14.5844 24.6001 24.6001 2 1 0
14.5845 24.629 24.629 2 1 0
14.5845 24.6579 24.6579 2 1 0
14.5845 24.6867 24.6867 2 1 0
14.5845 24.7156 24.7156 2 1 0
14.5845 24.7445 24.7445 2 1 0
14.5846 24.7733 24.7733 2 1 0
14.5846 24.8022 24.8022 2 1 0
14.5846 24.8311 24.8311 2 1 0
14.5846 24.8599 24.8599 2 1 0
14.5846 24.8888 24.8888 2 1 0
14.5847 24.9177 24.9177 2 1 0
14.5847 24.9465 24.9465 2 1 0
14.5847 24.9754 24.9754 2 1 0
14.5847 25.0043 25.0043 2 1 0
14.5847 25.0331 25.0331 2 1 0
14.5848 25.062 25.062 2 1 0
14.5848 25.0909 25.0909 2 1 0
14.5848 25.1197 25.1197 2 1 0
14.5848 25.1486 25.1486 2 1 0
14.5848 25.1775 25.1775 2 1 0
14.5849 25.2063 25.2063 2 1 0
14.5849 25.2352 25.2352 2 1 0
14.5849 25.2641 25.2641 2 1 0
14.5849 25.2929 25.2929 2 1 0
14.5849 25.3218 25.3218 2 1 0
14.585 25.3507 25.3507 2 1 0
14.585 25.3795 25.3795 2 1 0
14.585 25.4084 25.4084 2 1 0
14.585 25.4373 25.4373 2 1 0
14.585 25.4661 25.4661 2 1 0
14.585 25.495 25.495 2 1 0
14.5851 25.5239 25.5239 2 1 0
14.5851 25.5527 25.5527 2 1 0
14.5851 25.5816 25.5816 2 1 0
14.5851 25.6105 25.6105 2 1 0
14.5851 25.6393 25.6393 2 1 0
14.5851 25.6682 25.6682 2 1 0
14.5852 25.6971 25.6971 2 1 0
14.5852 25.7259 25.7259 2 1 0
14.5852 25.7548 25.7548 2 1 0
14.5852 25.7837 25.7837 2 1 0
14.5852 25.8126 25.8126 2 1 0
14.5852 25.8414 25.8414 2 1 0
14.5853 25.8703 25.8703 2 1 0
14.5853 25.8992 25.8992 2 1 0
14.5853 25.928 25.928 2 1 0
14.5853 25.9569 25.9569 2 1 0
14.5853 25.9858 25.9858 2 1 0
14.5853 26.0146 26.0146 2 1 0
14.5853 26.0435 26.0435 2 1 0
14.5854 26.0724 26.0724 2 1 0
14.5854 26.1012 26.1012 2 1 0
14.5854 26.1301 26.1301 2 1 0
14.5854 26.159 26.159 2 1 0
14.5854 26.1878 26.1878 2 1 0
14.5854 26.2167 26.2167 2 1 0
14.5854 26.2456 26.2456 2 1 0
14.5855 26.2744 26.2744 2 1 0
14.5855 26.3033 26.3033 2 1 0
14.5855 26.3322 26.3322 2 1 0
14.5855 26.361 26.361 2 1 0
14.5855 26.3899 26.3899 2 1 0
14.5855 26.4188 26.4188 2 1 0
14.5855 26.4476 26.4476 2 1 0
14.5856 26.4765 26.4765 2 1 0
14.5856 26.5054 26.5054 2 1 0
14.5856 26.5342 26.5342 2 1 0
14.5856 26.5631 26.5631 2 1 0
14.5856 26.592 26.592 2 1 0
14.5856 26.6208 26.6208 2 1 0
14.5856 26.6497 26.6497 2 1 0
14.5856 26.6786 26.6786 2 1 0
14.5857 26.7074 26.7074 2 1 0
14.5857 26.7363 26.7363 2 1 0
14.5857 26.7652 26.7652 2 1 0
14.5857 26.794 26.794 2 1 0
14.5857 26.8229 26.8229 2 1 0
14.5857 26.8518 26.8518 2 1 0
14.5857 26.8806 26.8806 2 1 0
14.5857 26.9095 26.9095 2 1 0
14.5857 26.9384 26.9384 2 1 0
14.5858 26.9673 26.9673 2 1 0
14.5858 26.9961 26.9961 2 1 0
14.5858 27.025 27.025 2 1 0
14.5858 27.0539 27.0539 2 1 0
14.5858 27.0827 27.0827 2 1 0
14.5858 27.1116 27.1116 2 1 0
14.5858 27.1405 27.1405 2 1 0
14.5858 27.1693 27.1693 2 1 0
14.5858 27.1982 27.1982 2 1 0
14.5859 27.2271 27.2271 2 1 0
14.5859 27.2559 27.2559 2 1 0
14.5859 27.2848 27.2848 2 1 0
14.5859 27.3137 27.3137 2 1 0
14.5859 27.3425 27.3425 2 1 0
14.5859 27.3714 27.3714 2 1 0
14.5859 27.4003 27.4003 2 1 0
14.5859 27.4291 27.4291 2 1 0
14.5859 27.458 27.458 2 1 0
14.5859 27.4869 27.4869 2 1 0
14.586 27.5157 27.5157 2 1 0
14.586 27.5446 27.5446 2 1 0
14.586 27.5735 27.5735 2 1 0
14.586 27.6023 27.6023 2 1 0
14.586 27.6312 27.6312 2 1 0
14.586 27.6601 27.6601 2 1 0
14.586 27.6889 27.6889 2 1 0
14.586 27.7178 27.7178 2 1 0
14.586 27.7467 27.7467 2 1 0
14.586 27.7755 27.7755 2 1 0
14.586 27.8044 27.8044 2 1 0
14.5861 27.8333 27.8333 2 1 0
14.5861 27.8621 27.8621 2 1 0
14.5861 27.891 27.891 2 1 0
14.5861 27.9199 27.9199 2 1 0
14.5861 27.9487 27.9487 2 1 0
14.5861 27.9776 27.9776 2 1 0
14.5861 28.0065 28.0065 2 1 0
14.5861 28.0353 28.0353 2 1 0
14.5861 28.0642 28.0642 2 1 0
14.5861 28.0931 28.0931 2 1 0
14.5861 28.122 28.122 2 1 0
14.5861 28.1508 28.1508 2 1 0
14.5862 28.1797 28.1797 2 1 0
14.5862 28.2086 28.2086 2 1 0
14.5862 28.2374 28.2374 2 1 0
14.5862 28.2663 28.2663 2 1 0
14.5862 28.2952 28.2952 2 1 0
14.5862 28.324 28.324 2 1 0
14.5862 28.3529 28.3529 2 1 0
14.5862 28.3818 28.3818 2 1 0
14.5862 28.4106 28.4106 2 1 0
14.5862 28.4395 28.4395 2 1 0
14.5862 28.4684 28.4684 2 1 0
14.5862 28.4972 28.4972 2 1 0
14.5862 28.5261 28.5261 2 1 0
14.5862 28.555 28.555 2 1 0
14.5863 28.5838 28.5838 2 1 0
14.5863 28.6127 28.6127 2 1 0
14.5863 28.6416 28.6416 2 1 0
14.5863 28.6704 28.6704 2 1 0
14.5863 28.6993 28.6993 2 1 0
14.5863 28.7282 28.7282 2 1 0
14.5863 28.757 28.757 2 1 0
14.5863 28.7859 28.7859 2 1 0
14.5863 28.8148 28.8148 2 1 0
14.5863 28.8436 28.8436 2 1 0
14.5863 28.8725 28.8725 2 1 0
14.5863 28.9014 28.9014 2 1 0
14.5863 28.9302 28.9302 2 1 0
14.5863 28.9591 28.9591 2 1 0
14.5863 28.988 28.988 2 1 0
14.5863 29.0168 29.0168 2 1 0
14.5864 29.0457 29.0457 2 1 0
14.5864 29.0746 29.0746 2 1 0
14.5864 29.1034 29.1034 2 1 0
14.5864 29.1323 29.1323 2 1 0
14.5864 29.1612 29.1612 2 1 0
14.5864 29.1901 29.1901 2 1 0
14.5864 29.2189 29.2189 2 1 0
14.5864 29.2478 29.2478 2 1 0
14.5864 29.2767 29.2767 2 1 0
14.5864 29.3055 29.3055 2 1 0
14.5864 29.3344 29.3344 2 1 0
14.5864 29.3633 29.3633 2 1 0
14.5864 29.3921 29.3921 2 1 0
14.5864 29.421 29.421 2 1 0
14.5864 29.4499 29.4499 2 1 0
14.5864 29.4787 29.4787 2 1 0
14.5864 29.5076 29.5076 2 1 0
14.5864 29.5365 29.5365 2 1 0
14.5865 29.5653 29.5653 2 1 0
14.5865 29.5942 29.5942 2 1 0
14.5865 29.6231 29.6231 2 1 0
14.5865 29.6519 29.6519 2 1 0
14.5865 29.6808 29.6808 2 1 0
14.5865 29.7097 29.7097 2 1 0
14.5865 29.7385 29.7385 2 1 0
14.5865 29.7674 29.7674 2 1 0
14.5865 29.7963 29.7963 2 1 0
14.5865 29.8251 29.8251 2 1 0
14.5865 29.854 29.854 2 1 0
14.5865 29.8829 29.8829 2 1 0
14.5865 29.9117 29.9117 2 1 0
14.5865 29.9406 29.9406 2 1 0
14.5865 29.9695 29.9695 2 1 0
14.5865 29.9983 29.9983 2 1 0
14.5865 30.0272 30.0272 2 1 0
14.5865 30.0561 30.0561 2 1 0
14.5865 30.0849 30.0849 2 1 0
14.5865 30.1138 30.1138 2 1 0
14.5865 30.1427 30.1427 2 1 0
14.5866 30.1715 30.1715 2 1 0
14.5866 30.2004 30.2004 2 1 0
14.5866 30.2293 30.2293 2 1 0
14.5866 30.2581 30.2581 2 1 0
14.5866 30.287 30.287 2 1 0
14.5866 30.3159 30.3159 2 1 0
14.5866 30.3448 30.3448 2 1 0
14.5866 30.3736 30.3736 2 1 0
14.5866 30.4025 30.4025 2 1 0
14.5866 30.4314 30.4314 2 1 0
14.5866 30.4602 30.4602 2 1 0
14.5866 30.4891 30.4891 2 1 0
14.5866 30.518 30.518 2 1 0
14.5866 30.5468 30.5468 2 1 0
14.5866 30.5757 30.5757 2 1 0
14.5866 30.6046 30.6046 2 1 0
14.5866 30.6334 30.6334 2 1 0
14.5866 30.6623 30.6623 2 1 0
14.5866 30.6912 30.6912 2 1 0
14.5866 30.72 30.72 2 1 0
14.5866 30.7489 30.7489 2 1 0
14.5866 30.7778 30.7778 2 1 0
14.5866 30.8066 30.8066 2 1 0
14.5866 30.8355 30.8355 2 1 0
14.5866 30.8644 30.8644 2 1 0
14.5866 30.8932 30.8932 2 1 0
14.5867 30.9221 30.9221 2 1 0
14.5867 30.951 30.951 2 1 0
14.5867 30.9798 30.9798 2 1 0
14.5867 31.0087 31.0087 2 1 0
14.5867 31.0376 31.0376 2 1 0
14.5867 31.0664 31.0664 2 1 0
14.5867 31.0953 31.0953 2 1 0
14.5867 31.1242 31.1242 2 1 0
14.5867 31.153 31.153 2 1 0
14.5867 31.1819 31.1819 2 1 0
14.5867 31.2108 31.2108 2 1 0
14.5867 31.2396 31.2396 2 1 0
14.5867 31.2685 31.2685 2 1 0
14.5867 31.2974 31.2974 2 1 0
14.5867 31.3262 31.3262 2 1 0
14.5867 31.3551 31.3551 2 1 0
14.5867 31.384 31.384 2 1 0
14.5867 31.4128 31.4128 2 1 0
14.5867 31.4417 31.4417 2 1 0
14.5867 31.4706 31.4706 2 1 0
14.5867 31.4995 31.4995 2 1 0
14.5867 31.5283 31.5283 2 1 0
14.5867 31.5572 31.5572 2 1 0
14.5867 31.5861 31.5861 2 1 0
14.5867 31.6149 31.6149 2 1 0
14.5867 31.6438 31.6438 2 1 0
14.5867 31.6727 31.6727 2 1 0
14.5867 31.7015 31.7015 2 1 0
14.5867 31.7304 31.7304 2 1 0
14.5867 31.7593 31.7593 2 1 0
14.5867 31.7881 31.7881 2 1 0
14.5867 31.817 31.817 2 1 0
14.5867 31.8459 31.8459 2 1 0
14.5867 31.8747 31.8747 2 1 0
14.5868 31.9036 31.9036 2 1 0
14.5868 31.9325 31.9325 2 1 0
14.5868 31.9613 31.9613 2 1 0
14.5868 31.9902 31.9902 2 1 0
14.5868 32.0191 32.0191 2 1 0
14.5868 32.0479 32.0479 2 1 0
14.5868 32.0768 32.0768 2 1 0
14.5868 32.1057 32.1057 2 1 0
14.5868 32.1345 32.1345 2 1 0
14.5868 32.1634 32.1634 2 1 0
14.5868 32.1923 32.1923 2 1 0
14.5868 32.2211 32.2211 2 1 0
14.5868 32.25 32.25 2 1 0
14.5868 32.2789 32.2789 2 1 0
14.5868 32.3077 32.3077 2 1 0
14.5868 32.3366 32.3366 2 1 0
14.5868 32.3655 32.3655 2 1 0
14.5868 32.3943 32.3943 2 1 0
14.5868 32.4232 32.4232 2 1 0
14.5868 32.4521 32.4521 2 1 0
14.5868 32.4809 32.4809 2 1 0
14.5868 32.5098 32.5098 2 1 0
14.5868 32.5387 32.5387 2 1 0
14.5868 32.5675 32.5675 2 1 0
14.5868 32.5964 32.5964 2 1 0
14.5868 32.6253 32.6253 2 1 0
14.5868 32.6542 32.6542 2 1 0
14.5868 32.683 32.683 2 1 0
14.5868 32.7119 32.7119 2 1 0
14.5868 32.7408 32.7408 2 1 0
14.5868 32.7696 32.7696 2 1 0
14.5868 32.7985 32.7985 2 1 0
14.5868 32.8274 32.8274 2 1 0
14.5868 32.8562 32.8562 2 1 0
14.5868 32.8851 32.8851 2 1 0
14.5868 32.914 32.914 2 1 0
14.5868 32.9428 32.9428 2 1 0
14.5868 32.9717 32.9717 2 1 0
14.5868 33.0006 33.0006 2 1 0
14.5868 33.0294 33.0294 2 1 0
14.5868 33.0583 33.0583 2 1 0
14.5868 33.0872 33.0872 2 1 0
14.5868 33.116 33.116 2 1 0
14.5868 33.1449 33.1449 2 1 0
14.5868 33.1738 33.1738 2 1 0
14.5868 33.2026 33.2026 2 1 0
14.5868 33.2315 33.2315 2 1 0
14.5868 33.2604 33.2604 2 1 0
14.5869 33.2892 33.2892 2 1 0
14.5869 33.3181 33.3181 2 1 0
14.5869 33.347 33.347 2 1 0
14.5869 33.3758 33.3758 2 1 0
14.5869 33.4047 33.4047 2 1 0
14.5869 33.4336 33.4336 2 1 0
14.5869 33.4624 33.4624 2 1 0
14.5869 33.4913 33.4913 2 1 0
14.5869 33.5202 33.5202 2 1 0
14.5869 33.549 33.549 2 1 0
14.5869 33.5779 33.5779 2 1 0
14.5869 33.6068 33.6068 2 1 0
14.5869 33.6356 33.6356 2 1 0
14.5869 33.6645 33.6645 2 1 0
14.5869 33.6934 33.6934 2 1 0
14.5869 33.7223 33.7223 2 1 0
14.5869 33.7511 33.7511 2 1 0
14.5869 33.78 33.78 2 1 0
14.5869 33.8089 33.8089 2 1 0
14.5869 33.8377 33.8377 2 1 0
14.5869 33.8666 33.8666 2 1 0
14.5869 33.8955 33.8955 2 1 0
14.5869 33.9243 33.9243 2 1 0
14.5869 33.9532 33.9532 2 1 0
14.5869 33.9821 33.9821 2 1 0
14.5869 34.0109 34.0109 2 1 0
14.5869 34.0398 34.0398 2 1 0
14.5869 34.0687 34.0687 2 1 0
14.5869 34.0975 34.0975 2 1 0
14.5869 34.1264 34.1264 2 1 0
14.5869 34.1553 34.1553 2 1 0
14.5869 34.1841 34.1841 2 1 0
14.5869 34.213 34.213 2 1 0
14.5869 34.2419 34.2419 2 1 0
14.5869 34.2707 34.2707 2 1 0
14.5869 34.2996 34.2996 2 1 0
14.5869 34.3285 34.3285 2 1 0
14.5869 34.3573 34.3573 2 1 0
14.5869 34.3862 34.3862 2 1 0
14.5869 34.4151 34.4151 2 1 0
14.5869 34.4439 34.4439 2 1 0
14.5869 34.4728 34.4728 2 1 0
14.5869 34.5017 34.5017 2 1 0
14.5869 34.5305 34.5305 2 1 0
14.5869 34.5594 34.5594 2 1 0
14.5869 34.5883 34.5883 2 1 0
14.5869 34.6171 34.6171 2 1 0
14.5869 34.646 34.646 2 1 0
14.5869 34.6749 34.6749 2 1 0
14.5869 34.7037 34.7037 2 1 0
14.5869 34.7326 34.7326 2 1 0
14.5869 34.7615 34.7615 2 1 0
14.5869 34.7903 34.7903 2 1 0
14.5869 34.8192 34.8192 2 1 0
14.5869 34.8481 34.8481 2 1 0
14.5869 34.877 34.877 2 1 0
14.5869 34.9058 34.9058 2 1 0
14.5869 34.9347 34.9347 2 1 0
14.5869 34.9636 34.9636 2 1 0
14.5869 34.9924 34.9924 2 1 0
14.5869 35.0213 35.0213 2 1 0
14.5869 35.0502 35.0502 2 1 0
14.5869 35.079 35.079 2 1 0
14.5869 35.1079 35.1079 2 1 0
14.5869 35.1368 35.1368 2 1 0
14.5869 35.1656 35.1656 2 1 0
14.5869 35.1945 35.1945 2 1 0
14.5869 35.2234 35.2234 2 1 0
14.5869 35.2522 35.2522 2 1 0
14.5869 35.2811 35.2811 2 1 0
14.5869 35.31 35.31 2 1 0
14.5869 35.3388 35.3388 2 1 0
14.5869 35.3677 35.3677 2 1 0
14.5869 35.3966 35.3966 2 1 0
14.5869 35.4254 35.4254 2 1 0
14.5869 35.4543 35.4543 2 1 0
14.5869 35.4832 35.4832 2 1 0
14.5869 35.512 35.512 2 1 0
14.5869 35.5409 35.5409 2 1 0
14.5869 35.5698 35.5698 2 1 0
14.5869 35.5986 35.5986 2 1 0
14.5869 35.6275 35.6275 2 1 0
14.5869 35.6564 35.6564 2 1 0
14.5869 35.6852 35.6852 2 1 0
14.587 35.7141 35.7141 2 1 0
14.587 35.743 35.743 2 1 0
14.587 35.7718 35.7718 2 1 0
14.587 35.8007 35.8007 2 1 0
14.587 35.8296 35.8296 2 1 0
14.587 35.8584 35.8584 2 1 0
14.587 35.8873 35.8873 2 1 0
14.587 35.9162 35.9162 2 1 0
14.587 35.945 35.945 2 1 0
14.587 35.9739 35.9739 2 1 0
14.587 36.0028 36.0028 2 1 0
14.587 36.0317 36.0317 2 1 0
14.587 36.0605 36.0605 2 1 0
14.587 36.0894 36.0894 2 1 0
14.587 36.1183 36.1183 2 1 0
14.587 36.1471 36.1471 2 1 0
14.587 36.176 36.176 2 1 0
14.587 36.2049 36.2049 2 1 0
14.587 36.2337 36.2337 2 1 0
14.587 36.2626 36.2626 2 1 0
14.587 36.2915 36.2915 2 1 0
14.587 36.3203 36.3203 2 1 0
14.587 36.3492 36.3492 2 1 0
14.587 36.3781 36.3781 2 1 0
14.587 36.4069 36.4069 2 1 0
14.587 36.4358 36.4358 2 1 0
14.587 36.4647 36.4647 2 1 0
14.587 36.4935 36.4935 2 1 0
14.587 36.5224 36.5224 2 1 0
14.587 36.5513 36.5513 2 1 0
14.587 36.5801 36.5801 2 1 0
14.587 36.609 36.609 2 1 0
14.587 36.6379 36.6379 2 1 0
14.587 36.6667 36.6667 2 1 0
14.587 36.6956 36.6956 2 1 0
14.587 36.7245 36.7245 2 1 0
14.587 36.7533 36.7533 2 1 0
14.587 36.7822 36.7822 2 1 0
14.587 36.8111 36.8111 2 1 0
14.587 36.8399 36.8399 2 1 0
14.587 36.8688 36.8688 2 1 0
14.587 36.8977 36.8977 2 1 0
14.587 36.9265 36.9265 2 1 0
14.587 36.9554 36.9554 2 1 0
14.587 36.9843 36.9843 2 1 0
14.587 37.0131 37.0131 2 1 0
14.587 37.042 37.042 2 1 0
14.587 37.0709 37.0709 2 1 0
14.587 37.0997 37.0997 2 1 0
14.587 37.1286 37.1286 2 1 0
14.587 37.1575 37.1575 2 1 0
14.587 37.1864 37.1864 2 1 0
14.587 37.2152 37.2152 2 1 0
14.587 37.2441 37.2441 2 1 0
14.587 37.273 37.273 2 1 0
14.587 37.3018 37.3018 2 1 0
14.587 37.3307 37.3307 2 1 0
14.587 37.3596 37.3596 2 1 0
14.587 37.3884 37.3884 2 1 0
14.587 37.4173 37.4173 2 1 0
14.587 37.4462 37.4462 2 1 0
14.587 37.475 37.475 2 1 0
14.587 37.5039 37.5039 2 1 0
14.587 37.5328 37.5328 2 1 0
14.587 37.5616 37.5616 2 1 0
14.587 37.5905 37.5905 2 1 0
14.587 37.6194 37.6194 2 1 0
14.587 37.6482 37.6482 2 1 0
14.587 37.6771 37.6771 2 1 0
14.587 37.706 37.706 2 1 0
14.587 37.7348 37.7348 2 1 0
14.587 37.7637 37.7637 2 1 0
14.587 37.7926 37.7926 2 1 0
14.587 37.8214 37.8214 2 1 0
14.587 37.8503 37.8503 2 1 0
14.587 37.8792 37.8792 2 1 0
14.587 37.908 37.908 2 1 0
14.587 37.9369 37.9369 2 1 0
14.587 37.9658 37.9658 2 1 0
14.587 37.9946 37.9946 2 1 0
14.587 38.0235 38.0235 2 1 0
14.587 38.0524 38.0524 2 1 0
14.587 38.0812 38.0812 2 1 0
14.587 38.1101 38.1101 2 1 0
14.587 38.139 38.139 2 1 0
14.587 38.1678 38.1678 2 1 0
14.587 38.1967 38.1967 2 1 0
14.587 38.2256 38.2256 2 1 0
14.587 38.2545 38.2545 2 1 0
14.587 38.2833 38.2833 2 1 0
14.587 38.3122 38.3122 2 1 0
14.587 38.3411 38.3411 2 1 0
14.587 38.3699 38.3699 2 1 0
14.587 38.3988 38.3988 2 1 0
14.587 38.4277 38.4277 2 1 0
14.587 38.4565 38.4565 2 1 0
14.587 38.4854 38.4854 2 1 0
14.587 38.5143 38.5143 2 1 0
14.587 38.5431 38.5431 2 1 0
14.587 38.572 38.572 2 1 0
14.587 38.6009 38.6009 2 1 0
14.587 38.6297 38.6297 2 1 0
14.587 38.6586 38.6586 2 1 0
14.587 38.6875 38.6875 2 1 0
14.587 38.7163 38.7163 2 1 0
14.587 38.7452 38.7452 2 1 0
14.587 38.7741 38.7741 2 1 0
14.587 38.8029 38.8029 2 1 0
14.587 38.8318 38.8318 2 1 0
14.587 38.8607 38.8607 2 1 0
14.587 38.8895 38.8895 2 1 0
14.587 38.9184 38.9184 2 1 0
14.587 38.9473 38.9473 2 1 0
14.587 38.9761 38.9761 2 1 0
14.587 39.005 39.005 2 1 0
14.587 39.0339 39.0339 2 1 0
14.587 39.0627 39.0627 2 1 0
14.587 39.0916 39.0916 2 1 0
14.587 39.1205 39.1205 2 1 0
14.587 39.1493 39.1493 2 1 0
14.587 39.1782 39.1782 2 1 0
14.587 39.2071 39.2071 2 1 0
14.587 39.2359 39.2359 2 1 0
14.587 39.2648 39.2648 2 1 0
14.587 39.2937 39.2937 2 1 0
14.587 39.3225 39.3225 2 1 0
14.587 39.3514 39.3514 2 1 0
14.587 39.3803 39.3803 2 1 0
14.587 39.4092 39.4092 2 1 0
14.587 39.438 39.438 2 1 0
14.587 39.4669 39.4669 2 1 0
14.587 39.4958 39.4958 2 1 0
14.587 39.5246 39.5246 2 1 0
14.587 39.5535 39.5535 2 1 0
14.587 39.5824 39.5824 2 1 0
14.587 39.6112 39.6112 2 1 0
14.587 39.6401 39.6401 2 1 0
14.587 39.669 39.669 2 1 0
14.587 39.6978 39.6978 2 1 0
14.587 39.7267 39.7267 2 1 0
14.587 39.7556 39.7556 2 1 0
14.587 39.7844 39.7844 2 1 0
14.587 39.8133 39.8133 2 1 0
14.587 39.8422 39.8422 2 1 0
14.587 39.871 39.871 2 1 0
14.587 39.8999 39.8999 2 1 0
14.587 39.9288 39.9288 2 1 0
14.587 39.9576 39.9576 2 1 0
14.587 39.9865 39.9865 2 1 0
14.587 40.0154 40.0154 2 1 0
14.587 40.0442 40.0442 2 1 0
14.587 40.0731 40.0731 2 1 0
14.587 40.102 40.102 2 1 0
14.587 40.1308 40.1308 2 1 0
14.587 40.1597 40.1597 2 1 0
14.587 40.1886 40.1886 2 1 0
14.587 40.2174 40.2174 2 1 0
14.587 40.2463 40.2463 2 1 0
14.587 40.2752 40.2752 2 1 0
14.587 40.304 40.304 2 1 0
14.587 40.3329 40.3329 2 1 0
14.587 40.3618 40.3618 2 1 0
14.587 40.3906 40.3906 2 1 0
14.587 40.4195 40.4195 2 1 0
14.587 40.4484 40.4484 2 1 0
14.587 40.4772 40.4772 2 1 0
14.587 40.5061 40.5061 2 1 0
14.587 40.535 40.535 2 1 0
14.587 40.5639 40.5639 2 1 0
14.587 40.5927 40.5927 2 1 0
14.587 40.6216 40.6216 2 1 0
14.587 40.6505 40.6505 2 1 0
14.587 40.6793 40.6793 2 1 0
14.587 40.7082 40.7082 2 1 0
14.587 40.7371 40.7371 2 1 0
14.587 40.7659 40.7659 2 1 0
14.587 40.7948 40.7948 2 1 0
14.587 40.8237 40.8237 2 1 0
14.587 40.8525 40.8525 2 1 0
14.587 40.8814 40.8814 2 1 0
14.587 40.9103 40.9103 2 1 0
14.587 40.9391 40.9391 2 1 0
14.587 40.968 40.968 2 1 0
14.587 40.9969 40.9969 2 1 0
14.587 41.0257 41.0257 2 1 0
14.587 41.0546 41.0546 2 1 0
14.587 41.0835 41.0835 2 1 0
14.587 41.1123 41.1123 2 1 0
14.587 41.1412 41.1412 2 1 0
14.587 41.1701 41.1701 2 1 0
14.587 41.1989 41.1989 2 1 0
14.587 41.2278 41.2278 2 1 0
14.587 41.2567 41.2567 2 1 0
14.587 41.2855 41.2855 2 1 0
14.587 41.3144 41.3144 2 1 0
14.587 41.3433 41.3433 2 1 0
14.587 41.3721 41.3721 2 1 0
14.587 41.401 41.401 2 1 0
14.587 41.4299 41.4299 2 1 0
14.587 41.4587 41.4587 2 1 0
14.587 41.4876 41.4876 2 1 0
14.587 41.5165 41.5165 2 1 0
14.587 41.5453 41.5453 2 1 0
14.587 41.5742 41.5742 2 1 0
14.587 41.6031 41.6031 2 1 0
14.587 41.6319 41.6319 2 1 0
14.587 41.6608 41.6608 2 1 0
14.587 41.6897 41.6897 2 1 0
14.587 41.7186 41.7186 2 1 0
14.587 41.7474 41.7474 2 1 0
14.587 41.7763 41.7763 2 1 0
14.587 41.8052 41.8052 2 1 0
14.587 41.834 41.834 2 1 0
14.587 41.8629 41.8629 2 1 0
14.587 41.8918 41.8918 2 1 0
14.587 41.9206 41.9206 2 1 0
14.587 41.9495 41.9495 2 1 0
14.587 41.9784 41.9784 2 1 0
14.587 42.0072 42.0072 2 1 0
14.587 42.0361 42.0361 2 1 0
14.587 42.065 42.065 2 1 0
14.587 42.0938 42.0938 2 1 0
14.587 42.1227 42.1227 2 1 0
14.587 42.1516 42.1516 2 1 0
14.587 42.1804 42.1804 2 1 0
14.587 42.2093 42.2093 2 1 0
14.587 42.2382 42.2382 2 1 0
14.587 42.267 42.267 2 1 0
14.587 42.2959 42.2959 2 1 0
14.587 42.3248 42.3248 2 1 0
14.587 42.3536 42.3536 2 1 0
14.587 42.3825 42.3825 2 1 0
14.587 42.4114 42.4114 2 1 0
14.587 42.4402 42.4402 2 1 0
14.587 42.4691 42.4691 2 1 0
14.587 42.498 42.498 2 1 0
14.587 42.5268 42.5268 2 1 0
14.587 42.5557 42.5557 2 1 0
14.587 42.5846 42.5846 2 1 0
14.587 42.6134 42.6134 2 1 0
14.587 42.6423 42.6423 2 1 0
14.587 42.6712 42.6712 2 1 0
14.587 42.7 42.7 2 1 0
14.587 42.7289 42.7289 2 1 0
14.587 42.7578 42.7578 2 1 0
14.587 42.7867 42.7867 2 1 0
14.587 42.8155 42.8155 2 1 0
14.587 42.8444 42.8444 2 1 0
14.587 42.8733 42.8733 2 1 0
14.587 42.9021 42.9021 2 1 0
14.587 42.931 42.931 2 1 0
14.587 42.9599 42.9599 2 1 0
14.587 42.9887 42.9887 2 1 0
14.587 43.0176 43.0176 2 1 0
14.587 43.0465 43.0465 2 1 0
14.587 43.0753 43.0753 2 1 0
14.587 43.1042 43.1042 2 1 0
14.587 43.1331 43.1331 2 1 0
14.587 43.1619 43.1619 2 1 0
14.587 43.1908 43.1908 2 1 0
14.587 43.2197 43.2197 2 1 0
14.587 43.2485 43.2485 2 1 0
14.587 43.2774 43.2774 2 1 0
14.587 43.3063 43.3063 2 1 0
14.587 43.3351 43.3351 2 1 0
14.587 43.364 43.364 2 1 0
14.587 43.3929 43.3929 2 1 0
14.587 43.4217 43.4217 2 1 0
14.587 43.4506 43.4506 2 1 0
14.587 43.4795 43.4795 2 1 0
14.587 43.4795 43.4795 2 1 0
14.587 43.5026 43.5026 2 1 0
14.587 43.5257 43.5257 2 1 0
14.587 43.5545 43.5545 2 1 0
14.587 43.5834 43.5834 2 1 0
14.587 43.6123 43.6123 2 1 0
14.587 43.6411 43.6411 2 1 0
14.587 43.67 43.67 2 1 0
14.587 43.6989 43.6989 2 1 0
14.587 43.7277 43.7277 2 1 0
14.587 43.7566 43.7566 2 1 0
14.587 43.7855 43.7855 2 1 0
14.587 43.8143 43.8143 2 1 0
14.587 43.8432 43.8432 2 1 0
14.587 43.8721 43.8721 2 1 0
14.587 43.9009 43.9009 2 1 0
14.587 43.9298 43.9298 2 1 0
14.587 43.9587 43.9587 2 1 0
14.587 43.9875 43.9875 2 1 0
14.587 44.0164 44.0164 2 1 0
14.587 44.0453 44.0453 2 1 0
14.587 44.0741 44.0741 2 1 0
14.587 44.103 44.103 2 1 0
14.587 44.1319 44.1319 2 1 0
14.587 44.1607 44.1607 2 1 0
14.587 44.1896 44.1896 2 1 0
14.587 44.2185 44.2185 2 1 0
14.587 44.2473 44.2473 2 1 0
14.587 44.2762 44.2762 2 1 0
14.587 44.3051 44.3051 2 1 0
14.587 44.3339 44.3339 2 1 0
14.587 44.3628 44.3628 2 1 0
14.587 44.3917 44.3917 2 1 0
14.587 44.4206 44.4206 2 1 0
14.587 44.4494 44.4494 2 1 0
14.587 44.4783 44.4783 2 1 0
14.587 44.5072 44.5072 2 1 0
14.587 44.536 44.536 2 1 0
14.587 44.5649 44.5649 2 1 0
14.587 44.5938 44.5938 2 1 0
14.587 44.6226 44.6226 2 1 0
14.587 44.6515 44.6515 2 1 0
14.587 44.6804 44.6804 2 1 0
14.587 44.7092 44.7092 2 1 0
14.587 44.7381 44.7381 2 1 0
14.587 44.767 44.767 2 1 0
14.587 44.7958 44.7958 2 1 0
14.587 44.8247 44.8247 2 1 0
14.587 44.8536 44.8536 2 1 0
14.587 44.8824 44.8824 2 1 0
14.587 44.9113 44.9113 2 1 0
14.587 44.9402 44.9402 2 1 0
14.587 44.969 44.969 2 1 0
14.587 44.9979 44.9979 2 1 0
14.587 45.0268 45.0268 2 1 0
14.587 45.0556 45.0556 2 1 0
14.587 45.0845 45.0845 2 1 0
14.587 45.1134 45.1134 2 1 0
14.587 45.1422 45.1422 2 1 0
14.587 45.1711 45.1711 2 1 0
14.587 45.2 45.2 2 1 0
14.587 45.2288 45.2288 2 1 0
14.587 45.2577 45.2577 2 1 0
14.587 45.2866 45.2866 2 1 0
14.587 45.3154 45.3154 2 1 0
14.587 45.3443 45.3443 2 1 0
14.587 45.3732 45.3732 2 1 0
14.587 45.402 45.402 2 1 0
14.587 45.4309 45.4309 2 1 0
14.587 45.4598 45.4598 2 1 0
14.587 45.4886 45.4886 2 1 0
14.587 45.5175 45.5175 2 1 0
14.587 45.5464 45.5464 2 1 0
14.587 45.5753 45.5753 2 1 0
14.587 45.6041 45.6041 2 1 0
14.587 45.633 45.633 2 1 0
14.587 45.6619 45.6619 2 1 0
14.587 45.6907 45.6907 2 1 0
14.587 45.7196 45.7196 2 1 0
14.587 45.7485 45.7485 2 1 0
14.587 45.7773 45.7773 2 1 0
14.587 45.8062 45.8062 2 1 0
14.587 45.8351 45.8351 2 1 0
14.587 45.8639 45.8639 2 1 0
14.587 45.8928 45.8928 2 1 0
14.587 45.9217 45.9217 2 1 0
14.587 45.9505 45.9505 2 1 0
14.587 45.9794 45.9794 2 1 0
14.587 46.0083 46.0083 2 1 0
14.587 46.0371 46.0371 2 1 0
14.587 46.066 46.066 2 1 0
14.587 46.0949 46.0949 2 1 0
14.587 46.1237 46.1237 2 1 0
14.587 46.1526 46.1526 2 1 0
14.587 46.1815 46.1815 2 1 0
14.587 46.2103 46.2103 2 1 0
14.587 46.2392 46.2392 2 1 0
14.587 46.2681 46.2681 2 1 0
14.587 46.2969 46.2969 2 1 0
14.587 46.3258 46.3258 2 1 0
14.587 46.3547 46.3547 2 1 0
14.587 46.3835 46.3835 2 1 0
14.587 46.4124 46.4124 2 1 0
14.587 46.4413 46.4413 2 1 0
14.587 46.4701 46.4701 2 1 0
14.587 46.499 46.499 2 1 0
14.587 46.5279 46.5279 2 1 0
14.587 46.5567 46.5567 2 1 0
14.587 46.5856 46.5856 2 1 0
14.587 46.6145 46.6145 2 1 0
14.587 46.6434 46.6434 2 1 0
14.587 46.6722 46.6722 2 1 0
14.587 46.7011 46.7011 2 1 0
14.587 46.73 46.73 2 1 0
14.587 46.7588 46.7588 2 1 0
14.587 46.7877 46.7877 2 1 0
14.587 46.8166 46.8166 2 1 0
14.587 46.8454 46.8454 2 1 0
14.587 46.8743 46.8743 2 1 0
14.587 46.9032 46.9032 2 1 0
14.587 46.932 46.932 2 1 0
14.587 46.9609 46.9609 2 1 0
14.587 46.9898 46.9898 2 1 0
14.587 47.0186 47.0186 2 1 0
14.587 47.0475 47.0475 2 1 0
14.587 47.0764 47.0764 2 1 0
14.587 47.1052 47.1052 2 1 0
14.587 47.1341 47.1341 2 1 0
14.587 47.163 47.163 2 1 0
14.587 47.1918 47.1918 2 1 0
14.587 47.2207 47.2207 2 1 0
14.587 47.2496 47.2496 2 1 0
14.587 47.2784 47.2784 2 1 0
14.587 47.3073 47.3073 2 1 0
14.587 47.3362 47.3362 2 1 0
14.587 47.365 47.365 2 1 0
14.587 47.3939 47.3939 2 1 0
14.587 47.4228 47.4228 2 1 0
14.587 47.4516 47.4516 2 1 0
14.587 47.4805 47.4805 2 1 0
14.587 47.5094 47.5094 2 1 0
14.587 47.5382 47.5382 2 1 0
14.587 47.5671 47.5671 2 1 0
14.587 47.596 47.596 2 1 0
14.587 47.6248 47.6248 2 1 0
14.587 47.6537 47.6537 2 1 0
14.587 47.6826 47.6826 2 1 0
14.587 47.7114 47.7114 2 1 0
14.587 47.7403 47.7403 2 1 0
14.587 47.7692 47.7692 2 1 0
14.587 47.7981 47.7981 2 1 0
14.587 47.8269 47.8269 2 1 0
14.587 47.8558 47.8558 2 1 0
14.587 47.8847 47.8847 2 1 0
14.587 47.9135 47.9135 2 1 0
14.587 47.9424 47.9424 2 1 0
14.587 47.9713 47.9713 2 1 0
14.587 48.0001 48.0001 2 1 0
14.587 48.029 48.029 2 1 0
14.587 48.0579 48.0579 2 1 0
14.587 48.0867 48.0867 2 1 0
14.587 48.1156 48.1156 2 1 0
14.587 48.1445 48.1445 2 1 0
14.587 48.1733 48.1733 2 1 0
14.587 48.2022 48.2022 2 1 0
14.587 48.2311 48.2311 2 1 0
14.587 48.2599 48.2599 2 1 0
14.587 48.2888 48.2888 2 1 0
14.587 48.3177 48.3177 2 1 0
14.587 48.3465 48.3465 2 1 0
14.587 48.3754 48.3754 2 1 0
14.587 48.4043 48.4043 2 1 0
14.587 48.4331 48.4331 2 1 0
14.587 48.462 48.462 2 1 0
14.587 48.4909 48.4909 2 1 0
14.587 48.5197 48.5197 2 1 0
14.587 48.5486 48.5486 2 1 0
14.587 48.5775 48.5775 2 1 0
14.587 48.6063 48.6063 2 1 0
14.587 48.6352 48.6352 2 1 0
14.587 48.6641 48.6641 2 1 0
14.587 48.6929 48.6929 2 1 0
14.587 48.7218 48.7218 2 1 0
14.587 48.7507 48.7507 2 1 0
14.587 48.7795 48.7795 2 1 0
14.587 48.8084 48.8084 2 1 0
14.587 48.8373 48.8373 2 1 0
14.587 48.8661 48.8661 2 1 0
14.587 48.895 48.895 2 1 0
14.587 48.9239 48.9239 2 1 0
14.587 48.9528 48.9528 2 1 0
14.587 48.9816 48.9816 2 1 0
14.587 49.0105 49.0105 2 1 0
14.587 49.0394 49.0394 2 1 0
14.587 49.0682 49.0682 2 1 0
14.587 49.0971 49.0971 2 1 0
14.587 49.126 49.126 2 1 0
14.587 49.1548 49.1548 2 1 0
14.587 49.1837 49.1837 2 1 0
14.587 49.2126 49.2126 2 1 0
14.587 49.2414 49.2414 2 1 0
14.587 49.2703 49.2703 2 1 0
14.587 49.2992 49.2992 2 1 0
14.587 49.328 49.328 2 1 0
14.587 49.3569 49.3569 2 1 0
14.587 49.3858 49.3858 2 1 0
14.587 49.4146 49.4146 2 1 0
14.587 49.4435 49.4435 2 1 0
14.587 49.4724 49.4724 2 1 0
14.587 49.5012 49.5012 2 1 0
14.587 49.5301 49.5301 2 1 0
14.587 49.559 49.559 2 1 0
14.587 49.5878 49.5878 2 1 0
14.587 49.6167 49.6167 2 1 0
14.587 49.6456 49.6456 2 1 0
14.587 49.6744 49.6744 2 1 0
14.587 49.7033 49.7033 2 1 0
14.587 49.7322 49.7322 2 1 0
14.587 49.761 49.761 2 1 0
14.587 49.7899 49.7899 2 1 0
14.587 49.8188 49.8188 2 1 0
14.587 49.8476 49.8476 2 1 0
14.587 49.8765 49.8765 2 1 0
14.587 49.9054 49.9054 2 1 0
14.587 49.9342 49.9342 2 1 0
14.587 49.9631 49.9631 2 1 0
14.587 49.992 49.992 2 1 0
14.587 50.0209 50.0209 2 1 0
14.587 50.0497 50.0497 2 1 0
14.587 50.0786 50.0786 2 1 0
14.587 50.1075 50.1075 2 1 0
14.587 50.1363 50.1363 2 1 0
14.587 50.1652 50.1652 2 1 0
14.587 50.1941 50.1941 2 1 0
14.587 50.2229 50.2229 2 1 0
14.587 50.2518 50.2518 2 1 0
14.587 50.2807 50.2807 2 1 0
14.587 50.3095 50.3095 2 1 0
14.587 50.3384 50.3384 2 1 0
14.587 50.3673 50.3673 2 1 0
14.587 50.3961 50.3961 2 1 0
14.587 50.425 50.425 2 1 0
14.587 50.4539 50.4539 2 1 0
14.587 50.4827 50.4827 2 1 0
14.587 50.5116 50.5116 2 1 0
14.587 50.5405 50.5405 2 1 0
14.587 50.5693 50.5693 2 1 0
14.587 50.5982 50.5982 2 1 0
14.587 50.6271 50.6271 2 1 0
14.587 50.6559 50.6559 2 1 0
14.587 50.6848 50.6848 2 1 0
14.587 50.7137 50.7137 2 1 0
14.587 50.7425 50.7425 2 1 0
14.587 50.7714 50.7714 2 1 0
14.587 50.8003 50.8003 2 1 0
14.587 50.8291 50.8291 2 1 0
14.587 50.858 50.858 2 1 0
14.587 50.8869 50.8869 2 1 0
14.587 50.9157 50.9157 2 1 0
14.587 50.9446 50.9446 2 1 0
14.587 50.9735 50.9735 2 1 0
14.587 51.0023 51.0023 2 1 0
14.587 51.0312 51.0312 2 1 0
14.587 51.0601 51.0601 2 1 0
14.587 51.0889 51.0889 2 1 0
14.587 51.1178 51.1178 2 1 0
14.587 51.1467 51.1467 2 1 0
14.587 51.1756 51.1756 2 1 0
14.587 51.2044 51.2044 2 1 0
14.587 51.2333 51.2333 2 1 0
14.587 51.2622 51.2622 2 1 0
14.587 51.291 51.291 2 1 0
14.587 51.3199 51.3199 2 1 0
14.587 51.3488 51.3488 2 1 0
14.587 51.3776 51.3776 2 1 0
14.587 51.4065 51.4065 2 1 0
14.587 51.4354 51.4354 2 1 0
14.587 51.4642 51.4642 2 1 0
14.587 51.4931 51.4931 2 1 0
14.587 51.522 51.522 2 1 0
14.587 51.5508 51.5508 2 1 0
14.587 51.5797 51.5797 2 1 0
14.587 51.6086 51.6086 2 1 0
14.587 51.6374 51.6374 2 1 0
14.587 51.6663 51.6663 2 1 0
14.587 51.6952 51.6952 2 1 0
14.587 51.724 51.724 2 1 0
14.587 51.7529 51.7529 2 1 0
14.587 51.7818 51.7818 2 1 0
14.587 51.8106 51.8106 2 1 0
14.587 51.8395 51.8395 2 1 0
14.587 51.8684 51.8684 2 1 0
14.587 51.8972 51.8972 2 1 0
14.587 51.9261 51.9261 2 1 0
14.587 51.955 51.955 2 1 0
14.587 51.9838 51.9838 2 1 0
14.587 52.0127 52.0127 2 1 0
14.587 52.0416 52.0416 2 1 0
14.587 52.0704 52.0704 2 1 0
14.587 52.0993 52.0993 2 1 0
14.587 52.1282 52.1282 2 1 0
14.587 52.157 52.157 2 1 0
14.587 52.1859 52.1859 2 1 0
14.587 52.2148 52.2148 2 1 0
14.587 52.2436 52.2436 2 1 0
14.587 52.2725 52.2725 2 1 0
14.587 52.3014 52.3014 2 1 0
14.587 52.3303 52.3303 2 1 0
14.587 52.3591 52.3591 2 1 0
14.587 52.388 52.388 2 1 0
14.587 52.4169 52.4169 2 1 0
14.587 52.4457 52.4457 2 1 0
14.587 52.4746 52.4746 2 1 0
14.587 52.5035 52.5035 2 1 0
14.587 52.5323 52.5323 2 1 0
14.587 52.5612 52.5612 2 1 0
14.587 52.5901 52.5901 2 1 0
14.587 52.6189 52.6189 2 1 0
14.587 52.6478 52.6478 2 1 0
14.587 52.6767 52.6767 2 1 0
14.587 52.7055 52.7055 2 1 0
14.587 52.7344 52.7344 2 1 0
14.587 52.7633 52.7633 2 1 0
14.587 52.7921 52.7921 2 1 0
14.587 52.821 52.821 2 1 0
14.587 52.8499 52.8499 2 1 0
14.587 52.8787 52.8787 2 1 0
14.587 52.9076 52.9076 2 1 0
14.587 52.9365 52.9365 2 1 0
14.587 52.9653 52.9653 2 1 0
14.587 52.9942 52.9942 2 1 0
14.587 53.0231 53.0231 2 1 0
14.587 53.0519 53.0519 2 1 0
14.587 53.0808 53.0808 2 1 0
14.587 53.1097 53.1097 2 1 0
14.587 53.1385 53.1385 2 1 0
14.587 53.1674 53.1674 2 1 0
14.587 53.1963 53.1963 2 1 0
14.587 53.2251 53.2251 2 1 0
14.587 53.254 53.254 2 1 0
14.587 53.2829 53.2829 2 1 0
14.587 53.3117 53.3117 2 1 0
14.587 53.3406 53.3406 2 1 0
14.587 53.3695 53.3695 2 1 0
14.587 53.3983 53.3983 2 1 0
14.587 53.4272 53.4272 2 1 0
14.587 53.4561 53.4561 2 1 0
14.587 53.485 53.485 2 1 0
14.587 53.5138 53.5138 2 1 0
14.587 53.5427 53.5427 2 1 0
14.587 53.5716 53.5716 2 1 0
14.587 53.6004 53.6004 2 1 0
14.587 53.6293 53.6293 2 1 0
14.587 53.6582 53.6582 2 1 0
14.587 53.687 53.687 2 1 0
14.587 53.7159 53.7159 2 1 0
14.587 53.7448 53.7448 2 1 0
14.587 53.7736 53.7736 2 1 0
14.587 53.8025 53.8025 2 1 0
14.587 53.8314 53.8314 2 1 0
14.587 53.8602 53.8602 2 1 0
14.587 53.8891 53.8891 2 1 0
14.587 53.918 53.918 2 1 0
14.587 53.9468 53.9468 2 1 0
14.587 53.9757 53.9757 2 1 0
14.587 54.0046 54.0046 2 1 0
14.587 54.0334 54.0334 2 1 0
14.587 54.0623 54.0623 2 1 0
14.587 54.0912 54.0912 2 1 0
14.587 54.12 54.12 2 1 0
14.587 54.1489 54.1489 2 1 0
14.587 54.1778 54.1778 2 1 0
14.587 54.2066 54.2066 2 1 0
14.587 54.2355 54.2355 2 1 0
14.587 54.2644 54.2644 2 1 0
14.587 54.2932 54.2932 2 1 0
14.587 54.3221 54.3221 2 1 0
14.587 54.351 54.351 2 1 0
14.587 54.3798 54.3798 2 1 0
14.587 54.4087 54.4087 2 1 0
14.587 54.4376 54.4376 2 1 0
14.587 54.4664 54.4664 2 1 0
14.587 54.4953 54.4953 2 1 0
14.587 54.5242 54.5242 2 1 0
14.587 54.5531 54.5531 2 1 0
14.587 54.5819 54.5819 2 1 0
14.587 54.6108 54.6108 2 1 0
14.587 54.6397 54.6397 2 1 0
14.587 54.6685 54.6685 2 1 0
14.587 54.6974 54.6974 2 1 0
14.587 54.7263 54.7263 2 1 0
14.587 54.7551 54.7551 2 1 0
14.587 54.784 54.784 2 1 0
14.587 54.8129 54.8129 2 1 0
14.587 54.8417 54.8417 2 1 0
14.587 54.8706 54.8706 2 1 0
14.587 54.8995 54.8995 2 1 0
14.587 54.9283 54.9283 2 1 0
14.587 54.9572 54.9572 2 1 0
14.587 54.9861 54.9861 2 1 0
14.587 55.0149 55.0149 2 1 0
14.587 55.0438 55.0438 2 1 0
14.587 55.0727 55.0727 2 1 0
14.587 55.1015 55.1015 2 1 0
14.587 55.1304 55.1304 2 1 0
14.587 55.1593 55.1593 2 1 0
14.587 55.1881 55.1881 2 1 0
14.587 55.217 55.217 2 1 0
14.587 55.2459 55.2459 2 1 0
14.587 55.2747 55.2747 2 1 0
14.587 55.3036 55.3036 2 1 0
14.587 55.3325 55.3325 2 1 0
14.587 55.3613 55.3613 2 1 0
14.587 55.3902 55.3902 2 1 0
14.587 55.4191 55.4191 2 1 0
14.587 55.4479 55.4479 2 1 0
14.587 55.4768 55.4768 2 1 0
14.587 55.5057 55.5057 2 1 0
14.587 55.5345 55.5345 2 1 0
14.587 55.5634 55.5634 2 1 0
14.587 55.5923 55.5923 2 1 0
14.587 55.6211 55.6211 2 1 0
14.587 55.65 55.65 2 1 0
14.587 55.6789 55.6789 2 1 0
14.587 55.7078 55.7078 2 1 0
14.587 55.7366 55.7366 2 1 0
14.587 55.7655 55.7655 2 1 0
14.587 55.7944 55.7944 2 1 0
14.587 55.8232 55.8232 2 1 0
14.587 55.8521 55.8521 2 1 0
14.587 55.881 55.881 2 1 0
14.587 55.9098 55.9098 2 1 0
14.587 55.9387 55.9387 2 1 0
14.587 55.9676 55.9676 2 1 0
14.587 55.9964 55.9964 2 1 0
14.587 56.0253 56.0253 2 1 0
14.587 56.0542 56.0542 2 1 0
14.587 56.083 56.083 2 1 0
14.587 56.1119 56.1119 2 1 0
14.587 56.1408 56.1408 2 1 0
14.587 56.1696 56.1696 2 1 0
14.587 56.1985 56.1985 2 1 0
14.587 56.2274 56.2274 2 1 0
14.587 56.2562 56.2562 2 1 0
14.587 56.2851 56.2851 2 1 0
14.587 56.314 56.314 2 1 0
14.587 56.3428 56.3428 2 1 0
14.587 56.3717 56.3717 2 1 0
14.587 56.4006 56.4006 2 1 0
14.587 56.4294 56.4294 2 1 0
14.587 56.4583 56.4583 2 1 0
14.587 56.4872 56.4872 2 1 0
14.587 56.516 56.516 2 1 0
14.587 56.5449 56.5449 2 1 0
14.587 56.5738 56.5738 2 1 0
14.587 56.6026 56.6026 2 1 0
14.587 56.6315 56.6315 2 1 0
14.587 56.6604 56.6604 2 1 0
14.587 56.6892 56.6892 2 1 0
14.587 56.7181 56.7181 2 1 0
14.587 56.747 56.747 2 1 0
14.587 56.7758 56.7758 2 1 0
14.587 56.8047 56.8047 2 1 0
14.587 56.8336 56.8336 2 1 0
14.587 56.8625 56.8625 2 1 0
14.587 56.8913 56.8913 2 1 0
14.587 56.9202 56.9202 2 1 0
14.587 56.9491 56.9491 2 1 0
14.587 56.9779 56.9779 2 1 0
14.587 57.0068 57.0068 2 1 0
14.587 57.0357 57.0357 2 1 0
14.587 57.0645 57.0645 2 1 0
14.587 57.0934 57.0934 2 1 0
14.587 57.1223 57.1223 2 1 0
14.587 57.1511 57.1511 2 1 0
14.587 57.18 57.18 2 1 0
14.587 57.2089 57.2089 2 1 0
14.587 57.2377 57.2377 2 1 0
14.587 57.2666 57.2666 2 1 0
14.587 57.2955 57.2955 2 1 0
14.587 57.3243 57.3243 2 1 0
14.587 57.3532 57.3532 2 1 0
14.587 57.3821 57.3821 2 1 0
14.587 57.4109 57.4109 2 1 0
14.587 57.4398 57.4398 2 1 0
14.587 57.4687 57.4687 2 1 0
14.587 57.4975 57.4975 2 1 0
14.587 57.5264 57.5264 2 1 0
14.587 57.5553 57.5553 2 1 0
14.587 57.5841 57.5841 2 1 0
14.587 57.613 57.613 2 1 0
14.587 57.6419 57.6419 2 1 0
14.587 57.6707 57.6707 2 1 0
14.587 57.6996 57.6996 2 1 0
14.587 57.7285 57.7285 2 1 0
14.587 57.7573 57.7573 2 1 0
14.587 57.7862 57.7862 2 1 0
14.587 57.8151 57.8151 2 1 0
14.587 57.8439 57.8439 2 1 0
14.587 57.8728 57.8728 2 1 0
14.587 57.9017 57.9017 2 1 0
14.587 57.9305 57.9305 2 1 0
14.587 57.9594 57.9594 2 1 0
14.587 57.9883 57.9883 2 1 0
14.587 58.0172 58.0172 2 1 0
14.587 58.046 58.046 2 1 0
14.587 58.0749 58.0749 2 1 0
14.587 58.1038 58.1038 2 1 0
14.587 58.1326 58.1326 2 1 0
14.587 58.1615 58.1615 2 1 0
14.587 58.1904 58.1904 2 1 0
14.587 58.2192 58.2192 2 1 0
14.587 58.2481 58.2481 2 1 0
14.587 58.277 58.277 2 1 0
14.587 58.3058 58.3058 2 1 0
14.587 58.3347 58.3347 2 1 0
14.587 58.3636 58.3636 2 1 0
14.587 58.3924 58.3924 2 1 0
14.587 58.4213 58.4213 2 1 0
14.587 58.4502 58.4502 2 1 0
14.587 58.479 58.479 2 1 0
14.587 58.5079 58.5079 2 1 0
14.587 58.5368 58.5368 2 1 0
14.587 58.5656 58.5656 2 1 0
14.587 58.5945 58.5945 2 1 0
14.587 58.6234 58.6234 2 1 0
14.587 58.6522 58.6522 2 1 0
14.587 58.6811 58.6811 2 1 0
14.587 58.71 58.71 2 1 0
14.587 58.7388 58.7388 2 1 0
14.587 58.7677 58.7677 2 1 0
14.587 58.7966 58.7966 2 1 0
14.587 58.8254 58.8254 2 1 0
14.587 58.8543 58.8543 2 1 0
14.587 58.8832 58.8832 2 1 0
14.587 58.912 58.912 2 1 0
14.587 58.9409 58.9409 2 1 0
14.587 58.9698 58.9698 2 1 0
14.587 58.9986 58.9986 2 1 0
14.587 59.0275 59.0275 2 1 0
14.587 59.0564 59.0564 2 1 0
14.587 59.0853 59.0853 2 1 0
14.587 59.1141 59.1141 2 1 0
14.587 59.143 59.143 2 1 0
14.587 59.1719 59.1719 2 1 0
14.587 59.2007 59.2007 2 1 0
14.587 59.2296 59.2296 2 1 0
14.587 59.2585 59.2585 2 1 0
14.587 59.2873 59.2873 2 1 0
14.587 59.3162 59.3162 2 1 0
14.587 59.3451 59.3451 2 1 0
14.587 59.3739 59.3739 2 1 0
14.587 59.4028 59.4028 2 1 0
14.587 59.4317 59.4317 2 1 0
14.587 59.4605 59.4605 2 1 0
14.587 59.4894 59.4894 2 1 0
14.587 59.5183 59.5183 2 1 0
14.587 59.5471 59.5471 2 1 0
14.587 59.576 59.576 2 1 0
14.587 59.6049 59.6049 2 1 0
14.587 59.6337 59.6337 2 1 0
14.587 59.6626 59.6626 2 1 0
14.587 59.6915 59.6915 2 1 0
14.587 59.7203 59.7203 2 1 0
14.587 59.7492 59.7492 2 1 0
14.587 59.7781 59.7781 2 1 0
14.587 59.8069 59.8069 2 1 0
14.587 59.8358 59.8358 2 1 0
14.587 59.8647 59.8647 2 1 0
14.587 59.8935 59.8935 2 1 0
14.587 59.9224 59.9224 2 1 0
14.587 59.9513 59.9513 2 1 0
14.587 59.9801 59.9801 2 1 0
14.587 60.009 60.009 2 1 0
14.587 60.0379 60.0379 2 1 0
14.587 60.0667 60.0667 2 1 0
14.587 60.0956 60.0956 2 1 0
14.587 60.1245 60.1245 2 1 0
14.587 60.1533 60.1533 2 1 0
14.587 60.1822 60.1822 2 1 0
14.587 60.2111 60.2111 2 1 0
14.587 60.24 60.24 2 1 0
14.587 60.2688 60.2688 2 1 0
14.587 60.2977 60.2977 2 1 0
14.587 60.3266 60.3266 2 1 0
14.587 60.3554 60.3554 2 1 0
14.587 60.3843 60.3843 2 1 0
14.587 60.4132 60.4132 2 1 0
14.587 60.442 60.442 2 1 0
14.587 60.4709 60.4709 2 1 0
14.587 60.4998 60.4998 2 1 0
14.587 60.5286 60.5286 2 1 0
14.587 60.5575 60.5575 2 1 0
14.587 60.5864 60.5864 2 1 0
14.587 60.6152 60.6152 2 1 0
14.587 60.6441 60.6441 2 1 0
14.587 60.673 60.673 2 1 0
14.587 60.7018 60.7018 2 1 0
14.587 60.7307 60.7307 2 1 0
14.587 60.7596 60.7596 2 1 0
14.587 60.7884 60.7884 2 1 0
14.587 60.8173 60.8173 2 1 0
14.587 60.8462 60.8462 2 1 0
14.587 60.875 60.875 2 1 0
14.587 60.9039 60.9039 2 1 0
14.587 60.9328 60.9328 2 1 0
14.587 60.9616 60.9616 2 1 0
14.587 60.9905 60.9905 2 1 0
14.587 61.0194 61.0194 2 1 0
14.587 61.0482 61.0482 2 1 0
14.587 61.0771 61.0771 2 1 0
14.587 61.106 61.106 2 1 0
14.587 61.1348 61.1348 2 1 0
14.587 61.1637 61.1637 2 1 0
14.587 61.1926 61.1926 2 1 0
14.587 61.2214 61.2214 2 1 0
14.587 61.2503 61.2503 2 1 0
14.587 61.2792 61.2792 2 1 0
14.587 61.308 61.308 2 1 0
14.587 61.3369 61.3369 2 1 0
14.587 61.3658 61.3658 2 1 0
14.587 61.3947 61.3947 2 1 0
14.587 61.4235 61.4235 2 1 0
14.587 61.4524 61.4524 2 1 0
14.587 61.4813 61.4813 2 1 0
14.587 61.5101 61.5101 2 1 0
14.587 61.539 61.539 2 1 0
14.587 61.5679 61.5679 2 1 0
14.587 61.5967 61.5967 2 1 0
14.587 61.6256 61.6256 2 1 0
14.587 61.6545 61.6545 2 1 0
14.587 61.6833 61.6833 2 1 0
14.587 61.7122 61.7122 2 1 0
14.587 61.7411 61.7411 2 1 0
14.587 61.7699 61.7699 2 1 0
14.587 61.7988 61.7988 2 1 0
14.587 61.8277 61.8277 2 1 0
14.587 61.8565 61.8565 2 1 0
14.587 61.8854 61.8854 2 1 0
14.587 61.9143 61.9143 2 1 0
14.587 61.9431 61.9431 2 1 0
14.587 61.972 61.972 2 1 0
14.587 62.0009 62.0009 2 1 0
14.587 62.0297 62.0297 2 1 0
14.587 62.0586 62.0586 2 1 0
14.587 62.0875 62.0875 2 1 0
14.587 62.1163 62.1163 2 1 0
14.587 62.1452 62.1452 2 1 0
14.587 62.1741 62.1741 2 1 0
14.587 62.2029 62.2029 2 1 0
14.587 62.2318 62.2318 2 1 0
14.587 62.2607 62.2607 2 1 0
14.587 62.2895 62.2895 2 1 0
14.587 62.3184 62.3184 2 1 0
14.587 62.3473 62.3473 2 1 0
14.587 62.3761 62.3761 2 1 0
14.587 62.405 62.405 2 1 0
14.587 62.4339 62.4339 2 1 0
14.587 62.4627 62.4627 2 1 0
14.587 62.4916 62.4916 2 1 0
14.587 62.5205 62.5205 2 1 0
14.587 62.5494 62.5494 2 1 0
14.587 62.5782 62.5782 2 1 0
14.587 62.6071 62.6071 2 1 0
14.587 62.636 62.636 2 1 0
14.587 62.6648 62.6648 2 1 0
14.587 62.6937 62.6937 2 1 0
14.587 62.7226 62.7226 2 1 0
14.587 62.7514 62.7514 2 1 0
14.587 62.7803 62.7803 2 1 0
14.587 62.8092 62.8092 2 1 0
14.587 62.838 62.838 2 1 0
14.587 62.8669 62.8669 2 1 0
14.587 62.8958 62.8958 2 1 0
14.587 62.9246 62.9246 2 1 0
14.587 62.9535 62.9535 2 1 0
14.587 62.9824 62.9824 2 1 0
14.587 63.0112 63.0112 2 1 0
14.587 63.0401 63.0401 2 1 0
14.587 63.069 63.069 2 1 0
14.587 63.0978 63.0978 2 1 0
14.587 63.1267 63.1267 2 1 0
14.587 63.1556 63.1556 2 1 0
14.587 63.1844 63.1844 2 1 0
14.587 63.2133 63.2133 2 1 0
14.587 63.2422 63.2422 2 1 0
14.587 63.271 63.271 2 1 0
14.587 63.2999 63.2999 2 1 0
14.587 63.3288 63.3288 2 1 0
14.587 63.3576 63.3576 2 1 0
14.587 63.3865 63.3865 2 1 0
14.587 63.4154 63.4154 2 1 0
14.587 63.4442 63.4442 2 1 0
14.587 63.4731 63.4731 2 1 0
14.587 63.502 63.502 2 1 0
14.587 63.5308 63.5308 2 1 0
14.587 63.5597 63.5597 2 1 0
14.587 63.5886 63.5886 2 1 0
14.587 63.6175 63.6175 2 1 0
14.587 63.6463 63.6463 2 1 0
13 3.23535 3.23535 2 1 0
12.9894 3.21308 3.21308 1 1 0
12.9787 3.19083 3.19083 1 1 0
12.9652 3.16303 3.16303 1 1 0
12.9516 3.13525 3.13525 1 1 0
12.9379 3.10748 3.10748 1 1 0
12.9242 3.07973 3.07973 1 1 0
12.9103 3.052 3.052 1 1 0
12.8963 3.02429 3.02429 1 1 0
12.8822 2.99659 2.99659 1 1 0
12.8679 2.96892 2.96892 1 1 0
12.8536 2.94126 2.94126 1 1 0
12.8392 2.91362 2.91362 1 1 0
12.8246 2.886 2.886 1 1 0
12.81 2.8584 2.8584 1 1 0
12.7952 2.83082 2.83082 1 1 0
12.7803 2.80326 2.80326 1 1 0
12.7654 2.77572 2.77572 1 1 0
12.7503 2.7482 2.7482 1 1 0
12.735 2.7207 2.7207 1 1 0
12.7197 2.69323 2.69323 1 1 0
12.7043 2.66577 2.66577 1 1 0
12.6887 2.63834 2.63834 1 1 0
12.673 2.61092 2.61092 1 1 0
12.6572 2.58353 2.58353 1 1 0
12.6413 2.55617 2.55617 1 1 0
12.6253 2.52882 2.52882 1 1 0
12.6092 2.5015 2.5015 1 1 0
12.5929 2.4742 2.4742 1 1 0
12.5765 2.44693 2.44693 1 1 0
12.56 2.41968 2.41968 1 1 0
12.5434 2.39245 2.39245 1 1 0
12.5266 2.36525 2.36525 1 1 0
12.5098 2.33808 2.33808 1 1 0
12.4928 2.31093 2.31093 1 1 0
12.4757 2.2838 2.2838 1 1 0
12.4584 2.2567 2.2567 1 1 0
12.4411 2.22963 2.22963 1 1 0
12.4236 2.20259 2.20259 1 1 0
12.406 2.17557 2.17557 1 1 0
12.3883 2.14858 2.14858 1 1 0
12.3704 2.12161 2.12161 1 1 0
12.3524 2.09468 2.09468 1 1 0
12.3343 2.06777 2.06777 1 1 0
12.3161 2.04089 2.04089 1 1 0
12.2977 2.01404 2.01404 1 1 0
12.2792 1.98722 1.98722 1 1 0
12.2606 1.96043 1.96043 1 1 0
12.2418 1.93367 1.93367 1 1 0
12.2229 1.90694 1.90694 1 1 0
12.2039 1.88024 1.88024 1 1 0
12.1848 1.85357 1.85357 1 1 0
12.1655 1.82694 1.82694 1 1 0
12.1461 1.80033 1.80033 1 1 0
12.1266 1.77376 1.77376 1 1 0
12.1069 1.74722 1.74722 1 1 0
12.0871 1.72071 1.72071 1 1 0
12.0672 1.69424 1.69424 1 1 0
12.0471 1.6678 1.6678 1 1 0
12.0269 1.64139 1.64139 1 1 0
12.0066 1.61502 1.61502 1 1 0
11.9861 1.58868 1.58868 1 1 0
11.9655 1.56238 1.56238 1 1 0
11.9448 1.53611 1.53611 1 1 0
11.9239 1.50988 1.50988 1 1 0
11.9029 1.48368 1.48368 1 1 0
11.8817 1.45752 1.45752 1 1 0
11.8604 1.4314 1.4314 1 1 0
11.839 1.40532 1.40532 1 1 0
11.8175 1.37927 1.37927 1 1 0
11.7958 1.35326 1.35326 1 1 0
11.7739 1.32729 1.32729 1 1 0
11.752 1.30136 1.30136 1 1 0
11.7299 1.27547 1.27547 1 1 0
11.7076 1.24962 1.24962 1 1 0
11.6852 1.2238 1.2238 1 1 0
11.6627 1.19803 1.19803 1 1 0
11.64 1.1723 1.1723 1 1 0
11.6172 1.14661 1.14661 1 1 0
11.5943 1.12096 1.12096 1 1 0
11.5712 1.09535 1.09535 1 1 0
11.548 1.06978 1.06978 1 1 0
11.5246 1.04426 1.04426 1 1 0
11.5011 1.01878 1.01878 1 1 0
11.4775 0.99334 0.99334 1 1 0
11.4537 0.967946 0.967946 1 1 0
11.4298 0.942596 0.942596 1 1 0
11.4057 0.91729 0.91729 1 1 0
11.3815 0.892029 0.892029 1 1 0
11.3572 0.866813 0.866813 1 1 0
11.3327 0.841643 0.841643 1 1 0
11.3081 0.816518 0.816518 1 1 0
11.2833 0.791439 0.791439 1 1 0
11.2584 0.766406 0.766406 1 1 0
11.2334 0.741421 0.741421 1 1 0
11.2082 0.716483 0.716483 1 1 0
11.1829 0.691592 0.691592 1 1 0
11.1574 0.666749 0.666749 1 1 0
11.1318 0.641954 0.641954 1 1 0
11.1061 0.617208 0.617208 1 1 0
11.0802 0.59251 0.59251 1 1 0
11.0541 0.567862 0.567862 1 1 0
11.028 0.543263 0.543263 1 1 0
11.0017 0.518715 0.518715 1 1 0
10.9752 0.494216 0.494216 1 1 0
10.9486 0.469768 0.469768 1 1 0
10.9219 0.445371 0.445371 1 1 0
10.895 0.421025 0.421025 1 1 0
10.868 0.396731 0.396731 1 1 0
10.8409 0.372488 0.372488 1 1 0
10.8136 0.348298 0.348298 1 1 0
10.7862 0.32416 0.32416 1 1 0
10.7586 0.300074 0.300074 1 1 0
10.7309 0.276042 0.276042 1 1 0
10.7031 0.252063 0.252063 1 1 0
10.6751 0.228138 0.228138 1 1 0
10.647 0.204266 0.204266 1 1 0
10.6187 0.180449 0.180449 1 1 0
10.5903 0.156686 0.156686 1 1 0
10.5618 0.132978 0.132978 1 1 0
10.5331 0.109325 0.109325 1 1 0
10.5043 0.0857275 0.0857275 1 1 0
10.4754 0.0621854 0.0621854 1 1 0
10.4463 0.0386991 0.0386991 1 1 0
10.4171 0.015269 0.015269 1 1 0
10.398 8.73667e-06 8.73667e-06 1 1 0
10.3686 -0.0233302 -0.0233302 2 1 0
10.339 -0.0466106 -0.0466106 2 1 0
10.3093 -0.0698339 -0.0698339 2 1 0
10.2795 -0.093 -0.093 2 1 0
10.2495 -0.116109 -0.116109 2 1 0
10.2194 -0.13916 -0.13916 2 1 0
10.1892 -0.162153 -0.162153 2 1 0
10.1588 -0.185088 -0.185088 2 1 0
10.1283 -0.207965 -0.207965 2 1 0
10.0977 -0.230783 -0.230783 2 1 0
10.0669 -0.253543 -0.253543 2 1 0
10.036 -0.276243 -0.276243 2 1 0
10.005 -0.298885 -0.298885 2 1 0
9.97387 -0.321467 -0.321467 2 1 0
9.94259 -0.34399 -0.34399 2 1 0
9.91118 -0.366453 -0.366453 2 1 0
9.87965 -0.388856 -0.388856 2 1 0
9.84799 -0.4112 -0.4112 2 1 0
9.81621 -0.433483 -0.433483 2 1 0
9.78429 -0.455706 -0.455706 2 1 0
9.75225 -0.477869 -0.477869 2 1 0
9.72009 -0.499971 -0.499971 2 1 0
9.6878 -0.522012 -0.522012 2 1 0
9.65539 -0.543993 -0.543993 2 1 0
9.62285 -0.565912 -0.565912 2 1 0
9.59019 -0.58777 -0.58777 2 1 0
9.55741 -0.609568 -0.609568 2 1 0
9.52451 -0.631304 -0.631304 2 1 0
9.49148 -0.652978 -0.652978 2 1 0
9.45833 -0.674591 -0.674591 2 1 0
9.42507 -0.696142 -0.696142 2 1 0
9.39168 -0.717632 -0.717632 2 1 0
9.35818 -0.739059 -0.739059 2 1 0
9.32455 -0.760425 -0.760425 2 1 0
9.29081 -0.781729 -0.781729 2 1 0
9.25695 -0.802971 -0.802971 2 1 0
9.22298 -0.824151 -0.824151 2 1 0
9.18889 -0.845268 -0.845268 2 1 0
9.15468 -0.866323 -0.866323 2 1 0
9.12036 -0.887316 -0.887316 2 1 0
9.08593 -0.908247 -0.908247 2 1 0
9.05138 -0.929116 -0.929116 2 1 0
9.01672 -0.949922 -0.949922 2 1 0
8.98195 -0.970665 -0.970665 2 1 0
8.94706 -0.991346 -0.991346 2 1 0
8.91207 -1.01197 -1.01197 2 1 0
8.87696 -1.03252 -1.03252 2 1 0
8.84175 -1.05301 -1.05301 2 1 0
8.80642 -1.07345 -1.07345 2 1 0
8.77099 -1.09381 -1.09381 2 1 0
8.73545 -1.11412 -1.11412 2 1 0
8.69981 -1.13436 -1.13436 2 1 0
8.66406 -1.15455 -1.15455 2 1 0
8.6282 -1.17466 -1.17466 2 1 0
8.59224 -1.19472 -1.19472 2 1 0
8.55617 -1.21471 -1.21471 2 1 0
8.52 -1.23465 -1.23465 2 1 0
8.48373 -1.25452 -1.25452 2 1 0
8.44736 -1.27432 -1.27432 2 1 0
8.41088 -1.29407 -1.29407 2 1 0
8.37431 -1.31375 -1.31375 2 1 0
8.33763 -1.33337 -1.33337 2 1 0
8.30085 -1.35293 -1.35293 2 1 0
8.26398 -1.37242 -1.37242 2 1 0
8.22701 -1.39186 -1.39186 2 1 0
8.18994 -1.41123 -1.41123 2 1 0
8.15277 -1.43054 -1.43054 2 1 0
8.11551 -1.44979 -1.44979 2 1 0
8.07815 -1.46898 -1.46898 2 1 0
8.0407 -1.4881 -1.4881 2 1 0
8.00315 -1.50716 -1.50716 2 1 0
7.96551 -1.52617 -1.52617 2 1 0
7.92778 -1.54511 -1.54511 2 1 0
7.88995 -1.56399 -1.56399 2 1 0
7.85204 -1.58281 -1.58281 2 1 0
7.81403 -1.60156 -1.60156 2 1 0
7.77593 -1.62026 -1.62026 2 1 0
7.73775 -1.6389 -1.6389 2 1 0
7.69947 -1.65747 -1.65747 2 1 0
7.66111 -1.67599 -1.67599 2 1 0
7.62266 -1.69444 -1.69444 2 1 0
7.58413 -1.71283 -1.71283 2 1 0
7.5455 -1.73117 -1.73117 2 1 0
7.5068 -1.74944 -1.74944 2 1 0
7.468 -1.76765 -1.76765 2 1 0
7.42913 -1.78581 -1.78581 2 1 0
7.39017 -1.8039 -1.8039 2 1 0
7.35112 -1.82193 -1.82193 2 1 0
7.312 -1.83991 -1.83991 2 1 0
7.27279 -1.85783 -1.85783 2 1 0
7.23351 -1.87568 -1.87568 2 1 0
7.19414 -1.89348 -1.89348 2 1 0
7.15469 -1.91122 -1.91122 2 1 0
7.11517 -1.9289 -1.9289 2 1 0
7.07556 -1.94652 -1.94652 2 1 0
7.03588 -1.96408 -1.96408 2 1 0
6.99612 -1.98159 -1.98159 2 1 0
6.95629 -1.99903 -1.99903 2 1 0
6.91638 -2.01642 -2.01642 2 1 0
6.87639 -2.03375 -2.03375 2 1 0
6.83633 -2.05103 -2.05103 2 1 0
6.79619 -2.06824 -2.06824 2 1 0
6.75599 -2.0854 -2.0854 2 1 0
6.7157 -2.1025 -2.1025 2 1 0
6.67535 -2.11955 -2.11955 2 1 0
6.63493 -2.13654 -2.13654 2 1 0
6.59443 -2.15347 -2.15347 2 1 0
6.55386 -2.17035 -2.17035 2 1 0
6.51323 -2.18716 -2.18716 2 1 0
6.47252 -2.20393 -2.20393 2 1 0
6.43175 -2.22064 -2.22064 2 1 0
6.3909 -2.23729 -2.23729 2 1 0
6.34999 -2.25388 -2.25388 2 1 0
6.30902 -2.27043 -2.27043 2 1 0
6.26797 -2.28691 -2.28691 2 1 0
6.22686 -2.30334 -2.30334 2 1 0
6.18569 -2.31972 -2.31972 2 1 0
6.14445 -2.33604 -2.33604 2 1 0
6.10314 -2.35231 -2.35231 2 1 0
6.06177 -2.36853 -2.36853 2 1 0
6.02034 -2.38469 -2.38469 2 1 0
5.97885 -2.40079 -2.40079 2 1 0
5.93729 -2.41685 -2.41685 2 1 0
5.89567 -2.43285 -2.43285 2 1 0
5.854 -2.44879 -2.44879 2 1 0
5.81226 -2.46469 -2.46469 2 1 0
5.77046 -2.48053 -2.48053 2 1 0
5.7286 -2.49632 -2.49632 2 1 0
5.68668 -2.51205 -2.51205 2 1 0
5.6447 -2.52774 -2.52774 2 1 0
5.60267 -2.54337 -2.54337 2 1 0
5.56057 -2.55895 -2.55895 2 1 0
5.51843 -2.57448 -2.57448 2 1 0
5.47622 -2.58995 -2.58995 2 1 0
5.43396 -2.60538 -2.60538 2 1 0
5.39164 -2.62076 -2.62076 2 1 0
5.34927 -2.63608 -2.63608 2 1 0
5.30684 -2.65136 -2.65136 2 1 0
5.26436 -2.66658 -2.66658 2 1 0
5.22182 -2.68175 -2.68175 2 1 0
5.17923 -2.69688 -2.69688 2 1 0
5.13659 -2.71195 -2.71195 2 1 0
5.0939 -2.72698 -2.72698 2 1 0
5.05115 -2.74195 -2.74195 2 1 0
5.00836 -2.75688 -2.75688 2 1 0
4.96551 -2.77176 -2.77176 2 1 0
4.92261 -2.78659 -2.78659 2 1 0
4.87966 -2.80137 -2.80137 2 1 0
4.83666 -2.8161 -2.8161 2 1 0
4.79361 -2.83078 -2.83078 2 1 0
4.75052 -2.84542 -2.84542 2 1 0
4.70737 -2.86001 -2.86001 2 1 0
4.66418 -2.87455 -2.87455 2 1 0
4.62094 -2.88904 -2.88904 2 1 0
4.57765 -2.90349 -2.90349 2 1 0
4.53431 -2.91789 -2.91789 2 1 0
4.49093 -2.93224 -2.93224 2 1 0
4.44751 -2.94655 -2.94655 2 1 0
4.40403 -2.96081 -2.96081 2 1 0
4.36051 -2.97503 -2.97503 2 1 0
4.31695 -2.9892 -2.9892 2 1 0
4.27334 -3.00332 -3.00332 2 1 0
4.22969 -3.0174 -3.0174 2 1 0
4.186 -3.03143 -3.03143 2 1 0
4.14226 -3.04542 -3.04542 2 1 0
4.09848 -3.05936 -3.05936 2 1 0
4.05466 -3.07326 -3.07326 2 1 0
4.01079 -3.08711 -3.08711 2 1 0
3.96688 -3.10092 -3.10092 2 1 0
3.92293 -3.11469 -3.11469 2 1 0
3.87894 -3.12841 -3.12841 2 1 0
3.83491 -3.14209 -3.14209 2 1 0
3.79084 -3.15573 -3.15573 2 1 0
3.74673 -3.16932 -3.16932 2 1 0
3.70258 -3.18287 -3.18287 2 1 0
3.65839 -3.19637 -3.19637 2 1 0
3.61416 -3.20983 -3.20983 2 1 0
3.56989 -3.22326 -3.22326 2 1 0
3.52558 -3.23663 -3.23663 2 1 0
3.48124 -3.24997 -3.24997 2 1 0
3.43686 -3.26326 -3.26326 2 1 0
3.39244 -3.27652 -3.27652 2 1 0
3.34798 -3.28973 -3.28973 2 1 0
3.30349 -3.3029 -3.3029 2 1 0
3.25896 -3.31603 -3.31603 2 1 0
3.21439 -3.32912 -3.32912 2 1 0
3.16979 -3.34216 -3.34216 2 1 0
3.12515 -3.35517 -3.35517 2 1 0
3.08048 -3.36814 -3.36814 2 1 0
3.03577 -3.38106 -3.38106 2 1 0
2.99103 -3.39395 -3.39395 2 1 0
2.94625 -3.40679 -3.40679 2 1 0
2.90144 -3.4196 -3.4196 2 1 0
2.8566 -3.43237 -3.43237 2 1 0
2.81172 -3.4451 -3.4451 2 1 0
2.76681 -3.45779 -3.45779 2 1 0
2.72187 -3.47044 -3.47044 2 1 0
2.67689 -3.48305 -3.48305 2 1 0
2.63188 -3.49562 -3.49562 2 1 0
2.58684 -3.50815 -3.50815 2 1 0
2.54177 -3.52065 -3.52065 2 1 0
2.49667 -3.53311 -3.53311 2 1 0
2.45153 -3.54553 -3.54553 2 1 0
2.40637 -3.55791 -3.55791 2 1 0
2.36117 -3.57026 -3.57026 2 1 0
2.31594 -3.58257 -3.58257 2 1 0
2.27068 -3.59484 -3.59484 2 1 0
2.2254 -3.60707 -3.60707 2 1 0
2.18008 -3.61927 -3.61927 2 1 0
2.13473 -3.63143 -3.63143 2 1 0
2.08936 -3.64356 -3.64356 2 1 0
2.04395 -3.65564 -3.65564 2 1 0
1.99852 -3.6677 -3.6677 2 1 0
1.95305 -3.67971 -3.67971 2 1 0
1.90756 -3.69169 -3.69169 2 1 0
1.86204 -3.70364 -3.70364 2 1 0
1.8165 -3.71555 -3.71555 2 1 0
1.77092 -3.72742 -3.72742 2 1 0
1.72532 -3.73926 -3.73926 2 1 0
1.67969 -3.75107 -3.75107 2 1 0
1.63404 -3.76284 -3.76284 2 1 0
1.58836 -3.77457 -3.77457 2 1 0
1.54265 -3.78627 -3.78627 2 1 0
1.49691 -3.79794 -3.79794 2 1 0
1.45115 -3.80957 -3.80957 2 1 0
1.40537 -3.82117 -3.82117 2 1 0
1.35955 -3.83273 -3.83273 2 1 0
1.31372 -3.84427 -3.84427 2 1 0
1.26785 -3.85576 -3.85576 2 1 0
1.22196 -3.86723 -3.86723 2 1 0
1.17605 -3.87866 -3.87866 2 1 0
1.13011 -3.89006 -3.89006 2 1 0
1.08415 -3.90142 -3.90142 2 1 0
1.03817 -3.91276 -3.91276 2 1 0
0.992157 -3.92406 -3.92406 2 1 0
0.946123 -3.93532 -3.93532 2 1 0
0.900066 -3.94656 -3.94656 2 1 0
0.853985 -3.95776 -3.95776 2 1 0
0.807881 -3.96894 -3.96894 2 1 0
0.761754 -3.98008 -3.98008 2 1 0
0.715604 -3.99118 -3.99118 2 1 0
0.669431 -4.00226 -4.00226 2 1 0
0.623236 -4.01331 -4.01331 2 1 0
0.577019 -4.02432 -4.02432 2 1 0
0.530779 -4.0353 -4.0353 2 1 0
0.484518 -4.04626 -4.04626 2 1 0
0.438234 -4.05718 -4.05718 2 1 0
0.391929 -4.06807 -4.06807 2 1 0
0.345603 -4.07893 -4.07893 2 1 0
0.299255 -4.08976 -4.08976 2 1 0
0.252887 -4.10056 -4.10056 2 1 0
0.206497 -4.11133 -4.11133 2 1 0
0.160086 -4.12207 -4.12207 2 1 0
0.113655 -4.13278 -4.13278 2 1 0
0.0672036 -4.14346 -4.14346 2 1 0
0.0207317 -4.15412 -4.15412 2 1 0
-0.0257604 -4.16474 -4.16474 2 1 0
10.398 8.73667e-06 8.73667e-06 2 2 0
10.3733 2.52189e-13 2.52189e-13 2 2 0
10.3533 -7.37985e-09 -7.37985e-09 1 2 0
10.3233 -1.82049e-12 -1.82049e-12 1 2 0
10.2733 1.67307e-15 1.67307e-15 1 2 0
10.2233 2.39608e-23 2.39608e-23 1 2 0
10.1733 3.53015e-29 3.53015e-29 1 2 0
10.1233 2.93874e-37 2.93874e-37 1 2 0
10.0733 2.74654e-43 2.74654e-43 1 2 0
10.0233 2.54748e-51 2.54748e-51 1 2 0
9.97327 1.95154e-57 1.95154e-57 1 2 0
9.92327 1.83977e-65 1.83977e-65 1 2 0
9.87327 1.27345e-71 1.27345e-71 1 2 0
9.82327 1.09639e-79 1.09639e-79 1 2 0
9.77327 6.43445e-86 6.43445e-86 1 2 0
9.72327 4.79404e-94 4.79404e-94 1 2 0
9.67327 2.7146e-100 2.7146e-100 1 2 0
9.62327 2.12898e-108 2.12898e-108 1 2 0
9.57327 1.21821e-114 1.21821e-114 1 2 0
9.52327 7.56366e-123 7.56366e-123 1 2 0
9.47327 5.04929e-129 5.04929e-129 1 2 0
9.42327 2.14972e-137 2.14972e-137 1 2 0
9.37327 1.60167e-143 1.60167e-143 1 2 0
9.32327 6.44401e-152 6.44401e-152 1 2 0
9.27327 4.55221e-158 4.55221e-158 1 2 0
9.22327 2.035e-166 2.035e-166 1 2 0
9.17327 1.05123e-172 1.05123e-172 1 2 0
9.12327 4.81984e-181 4.81984e-181 1 2 0
9.07327 2.44192e-187 2.44192e-187 1 2 0
9.02327 1.17724e-195 1.17724e-195 1 2 0
8.97327 6.12384e-202 6.12384e-202 1 2 0
8.92327 2.66153e-210 2.66153e-210 1 2 0
8.87327 1.26912e-216 1.26912e-216 1 2 0
8.82327 5.06553e-225 5.06553e-225 1 2 0
8.77327 2.09337e-231 2.09337e-231 1 2 0
8.72327 8.3983e-240 8.3983e-240 1 2 0
8.67327 4.00462e-246 4.00462e-246 1 2 0
8.62327 1.5984e-254 1.5984e-254 1 2 0
8.57327 7.11364e-261 7.11364e-261 1 2 0
8.52327 2.83933e-269 2.83933e-269 1 2 0
8.47327 1.08312e-275 1.08312e-275 1 2 0
8.42327 5.04365e-284 5.04365e-284 1 2 0
8.37327 1.924e-290 1.924e-290 1 2 0
8.32327 8.36204e-299 8.36204e-299 1 2 0
8.27327 2.56329e-305 2.56329e-305 1 2 0
8.22327 1.2732e-313 1.2732e-313 1 2 0
8.17327 4.04739e-320 4.04739e-320 1 2 0
8.12327 -4.94066e-324 -4.94066e-324 1 2 0
8.07327 4.94066e-324 4.94066e-324 1 2 0
8.02327 4.94066e-324 4.94066e-324 1 2 0
7.97327 4.94066e-324 4.94066e-324 1 2 0
7.92327 4.94066e-324 4.94066e-324 1 2 0
7.87327 4.94066e-324 4.94066e-324 1 2 0
7.82327 4.94066e-324 4.94066e-324 1 2 0
7.77327 4.94066e-324 4.94066e-324 1 2 0
7.72327 4.94066e-324 4.94066e-324 1 2 0
7.67327 4.94066e-324 4.94066e-324 1 2 0
7.62327 -4.94066e-324 -4.94066e-324 1 2 0
7.57327 0 0 1 2 0
7.52327 -4.94066e-324 -4.94066e-324 1 2 0
7.47327 0 0 1 2 0
7.42327 -4.94066e-324 -4.94066e-324 1 2 0
7.37327 0 0 1 2 0
7.32327 -4.94066e-324 -4.94066e-324 1 2 0
7.27327 -4.94066e-324 -4.94066e-324 1 2 0
7.22327 0 0 1 2 0
7.17327 0 0 1 2 0
7.12327 0 0 1 2 0
7.07327 0 0 1 2 0
7.02327 0 0 1 2 0
6.97327 0 0 1 2 0
6.97053 0 0 2 2 0
6.92053 0 0 2 2 0
6.87053 0 0 2 2 0
6.82053 0 0 2 2 0
6.77053 0 0 2 2 0
6.72053 0 0 2 2 0
6.67053 0 0 2 2 0
6.62053 0 0 2 2 0
6.57053 0 0 2 2 0
6.52053 0 0 2 2 0
6.47053 0 0 2 2 0
6.42053 0 0 2 2 0
6.37053 0 0 2 2 0
6.32053 0 0 2 2 0
6.27053 0 0 2 2 0
6.22053 0 0 2 2 0
6.17053 0 0 2 2 0
6.12053 0 0 2 2 0
6.07053 0 0 2 2 0
6.02053 0 0 2 2 0
5.97053 0 0 2 2 0
5.92053 0 0 2 2 0
5.87053 0 0 2 2 0
5.82053 0 0 2 2 0
5.77053 0 0 2 2 0
5.72053 0 0 2 2 0
5.67053 0 0 2 2 0
5.62053 0 0 2 2 0
5.57053 0 0 2 2 0
5.52053 0 0 2 2 0
5.47053 0 0 2 2 0
5.42053 0 0 2 2 0
5.37053 0 0 2 2 0
5.32053 0 0 2 2 0
5.27053 0 0 2 2 0
5.22053 0 0 2 2 0
5.17053 0 0 2 2 0
5.12053 0 0 2 2 0
5.07053 0 0 2 2 0
5.02053 0 0 2 2 0
4.97053 0 0 2 2 0
4.92053 0 0 2 2 0
4.87053 0 0 2 2 0
4.82053 0 0 2 2 0
4.77053 0 0 2 2 0
4.72053 0 0 2 2 0
4.67053 0 0 2 2 0
4.62053 0 0 2 2 0
4.57053 0 0 2 2 0
4.52053 0 0 2 2 0
4.47053 0 0 2 2 0
4.42053 0 0 2 2 0
4.37053 0 0 2 2 0
4.32053 0 0 2 2 0
4.27053 0 0 2 2 0
4.22053 0 0 2 2 0
4.17053 0 0 2 2 0
4.12053 0 0 2 2 0
4.07053 0 0 2 2 0
4.02053 0 0 2 2 0
3.97053 0 0 2 2 0
3.92053 0 0 2 2 0
3.87053 0 0 2 2 0
3.82053 0 0 2 2 0
3.77053 0 0 2 2 0
3.72053 0 0 2 2 0
3.67053 0 0 2 2 0
3.62053 0 0 2 2 0
3.57053 0 0 2 2 0
3.52053 0 0 2 2 0
3.47053 0 0 2 2 0
3.42053 0 0 2 2 0
3.37053 0 0 2 2 0
3.32053 0 0 2 2 0
3.27053 0 0 2 2 0
3.22053 0 0 2 2 0
3.17053 0 0 2 2 0
3.12053 0 0 2 2 0
3.07053 0 0 2 2 0
3.02053 0 0 2 2 0
2.97053 0 0 2 2 0
2.92053 0 0 2 2 0
2.87053 0 0 2 2 0
2.82053 0 0 2 2 0
2.77053 0 0 2 2 0
2.72053 0 0 2 2 0
2.67053 0 0 2 2 0
2.62053 0 0 2 2 0
2.57053 0 0 2 2 0
2.52053 0 0 2 2 0
2.47053 0 0 2 2 0
2.42053 0 0 2 2 0
2.37053 0 0 2 2 0
2.32053 0 0 2 2 0
2.27053 0 0 2 2 0
2.22053 0 0 2 2 0
2.17053 0 0 2 2 0
2.12053 0 0 2 2 0
2.07053 0 0 2 2 0
2.02053 0 0 2 2 0
1.97053 0 0 2 2 0
1.92053 0 0 2 2 0
1.87053 0 0 2 2 0
1.82053 0 0 2 2 0
1.77053 0 0 2 2 0
1.72053 0 0 2 2 0
1.67053 0 0 2 2 0
1.62053 0 0 2 2 0
1.57053 0 0 2 2 0
1.52053 0 0 2 2 0
1.47053 0 0 2 2 0
1.42053 0 0 2 2 0
1.37053 0 0 2 2 0
1.32053 0 0 2 2 0
1.27053 0 0 2 2 0
1.22053 0 0 2 2 0
1.17053 0 0 2 2 0
1.13869 0 0 2 2 0
1.08869 0 0 2 2 0
1.03869 0 0 2 2 0
0.988688 0 0 2 2 0
0.938688 0 0 2 2 0
0.888688 0 0 2 2 0
0.838688 0 0 2 2 0
0.788688 0 0 2 2 0
0.738688 0 0 2 2 0
0.688688 0 0 2 2 0
0.638688 0 0 2 2 0
0.588688 0 0 2 2 0
0.538688 0 0 2 2 0
0.488688 0 0 2 2 0
0.438688 0 0 2 2 0
0.388688 0 0 2 2 0
0.338688 0 0 2 2 0
0.288688 0 0 2 2 0
0.238688 0 0 2 2 0
0.188688 0 0 2 2 0
0.138688 0 0 2 2 0
0.0886877 0 0 2 2 0
0.0386877 0 0 2 2 0
-0.0113123 0 0 2 2 0
10.398 8.73667e-06 8.73667e-06 2 2 0
10.4227 -3.19128e-12 -3.19128e-12 2 2 0
10.4427 -7.35772e-09 -7.35772e-09 2 2 0
10.4727 -1.79612e-12 -1.79612e-12 2 2 0
10.5227 -1.36988e-15 -1.36988e-15 2 2 0
10.5727 -2.30799e-23 -2.30799e-23 2 2 0
10.6227 -4.93038e-30 -4.93038e-30 2 2 0
10.6727 1.8514e-37 1.8514e-37 2 2 0
10.7227 2.8026e-44 2.8026e-44 2 2 0
10.7727 -9.18763e-52 -9.18763e-52 2 2 0
10.8227 -1.34417e-58 -1.34417e-58 2 2 0
10.8727 3.85757e-66 3.85757e-66 2 2 0
10.9227 4.24485e-73 4.24485e-73 2 2 0
10.9727 -1.10693e-80 -1.10693e-80 2 2 0
11.0227 -1.69658e-87 -1.69658e-87 2 2 0
11.0727 2.99627e-95 2.99627e-95 2 2 0
11.1227 3.79508e-102 3.79508e-102 2 2 0
11.1727 -8.98163e-110 -8.98163e-110 2 2 0
11.2227 -7.93107e-117 -7.93107e-117 2 2 0
11.2727 2.24546e-124 2.24546e-124 2 2 0
11.3227 1.26796e-131 1.26796e-131 2 2 0
11.3727 -4.61854e-139 -4.61854e-139 2 2 0
11.4227 -2.5026e-146 -2.5026e-146 2 2 0
11.4727 5.22084e-154 5.22084e-154 2 2 0
11.5227 2.66731e-161 2.66731e-161 2 2 0
11.5727 -8.61164e-169 -8.61164e-169 2 2 0
11.6227 -3.94841e-176 -3.94841e-176 2 2 0
11.6727 1.17672e-183 1.17672e-183 2 2 0
11.7227 8.41655e-191 8.41655e-191 2 2 0
11.7727 -1.25416e-198 -1.25416e-198 2 2 0
11.8227 -1.12131e-205 -1.12131e-205 2 2 0
11.8727 2.04219e-213 2.04219e-213 2 2 0
11.9227 1.10658e-220 1.10658e-220 2 2 0
11.9727 -2.63829e-228 -2.63829e-228 2 2 0
12.0227 -1.57255e-235 -1.57255e-235 2 2 0
12.0727 2.63619e-243 2.63619e-243 2 2 0
12.1227 1.3967e-250 1.3967e-250 2 2 0
12.1727 -3.12187e-258 -3.12187e-258 2 2 0
12.2227 -9.3039e-266 -9.3039e-266 2 2 0
12.2727 1.84852e-273 1.84852e-273 2 2 0
12.3227 8.26352e-281 8.26352e-281 2 2 0
12.3727 -1.84704e-288 -1.84704e-288 2 2 0
12.4227 -6.11624e-296 -6.11624e-296 2 2 0
12.4727 2.55189e-303 2.55189e-303 2 2 0
12.5227 5.43231e-311 5.43231e-311 2 2 0
12.5727 -2.26654e-318 -2.26654e-318 2 2 0
12.6227 0 0 2 2 0
12.6727 0 0 2 2 0
12.7227 0 0 2 2 0
12.7727 0 0 2 2 0
12.8227 0 0 2 2 0
12.8727 0 0 2 2 0
12.9227 0 0 2 2 0
12.9727 0 0 2 2 0
13.0227 0 0 2 2 0
13.0727 0 0 2 2 0
13.1227 0 0 2 2 0
13.1727 0 0 2 2 0
13.2227 0 0 2 2 0
13.2727 0 0 2 2 0
13.3227 0 0 2 2 0
13.3727 0 0 2 2 0
13.4227 0 0 2 2 0
13.4727 0 0 2 2 0
13.5227 0 0 2 2 0
13.5727 0 0 2 2 0
13.6227 0 0 2 2 0
13.6727 0 0 2 2 0
13.7227 0 0 2 2 0
13.7727 0 0 2 2 0
13.8227 0 0 2 2 0
13.8727 0 0 2 2 0
13.9227 0 0 2 2 0
13.9727 0 0 2 2 0
14.0227 0 0 2 2 0
14.0727 0 0 2 2 0
14.1227 0 0 2 2 0
14.1727 0 0 2 2 0
14.2227 0 0 2 2 0
14.2727 0 0 2 2 0
14.3227 0 0 2 2 0
14.3727 0 0 2 2 0
14.4227 0 0 2 2 0
14.4727 0 0 2 2 0
14.5227 0 0 2 2 0
14.5727 0 0 2 2 0
14.6227 0 0 2 2 0
14.6727 0 0 2 2 0
14.7227 0 0 2 2 0
14.7727 0 0 2 2 0
14.8227 0 0 2 2 0
14.8727 0 0 2 2 0
14.9227 0 0 2 2 0
14.9727 0 0 2 2 0
15.0227 0 0 2 2 0
15.0727 0 0 2 2 0
15.1227 0 0 2 2 0
15.1727 0 0 2 2 0
15.2227 0 0 2 2 0
15.2727 0 0 2 2 0
15.3227 0 0 2 2 0
15.3727 0 0 2 2 0
15.4227 0 0 2 2 0
15.4727 0 0 2 2 0
15.5227 0 0 2 2 0
15.5727 0 0 2 2 0
15.6227 0 0 2 2 0
15.6727 0 0 2 2 0
15.7227 0 0 2 2 0
15.7727 0 0 2 2 0
15.8227 0 0 2 2 0
15.8727 0 0 2 2 0
15.9227 0 0 2 2 0
15.9727 0 0 2 2 0
16.0227 0 0 2 2 0
16.0727 0 0 2 2 0
16.1227 0 0 2 2 0
16.1727 0 0 2 2 0
16.2227 0 0 2 2 0
16.2727 0 0 2 2 0
16.3227 0 0 2 2 0
16.3727 0 0 2 2 0
16.4227 0 0 2 2 0
16.4727 0 0 2 2 0
16.5227 0 0 2 2 0
16.5727 0 0 2 2 0
16.6227 0 0 2 2 0
16.6727 0 0 2 2 0
16.7227 0 0 2 2 0
16.7727 0 0 2 2 0
16.8227 0 0 2 2 0
16.8727 0 0 2 2 0
16.9227 0 0 2 2 0
16.9727 0 0 2 2 0
17.0227 0 0 2 2 0
17.0727 0 0 2 2 0
17.1227 0 0 2 2 0
17.1334 0 0 2 2 0
17.1834 0 0 2 2 0
17.2334 0 0 2 2 0
17.2834 0 0 2 2 0
17.3334 0 0 2 2 0
17.3834 0 0 2 2 0
17.4334 0 0 2 2 0
17.4834 0 0 2 2 0
17.5334 0 0 2 2 0
17.5834 0 0 2 2 0
17.6334 0 0 2 2 0
17.6834 0 0 2 2 0
17.7334 0 0 2 2 0
17.7834 0 0 2 2 0
17.8334 0 0 2 2 0
17.8834 0 0 2 2 0
17.9334 0 0 2 2 0
17.9834 0 0 2 2 0
18.0334 0 0 2 2 0
18.0834 0 0 2 2 0
18.1334 0 0 2 2 0
18.1834 0 0 2 2 0
18.2334 0 0 2 2 0
18.2834 0 0 2 2 0
18.3334 0 0 2 2 0
18.3834 0 0 2 2 0
18.4334 0 0 2 2 0
18.4834 0 0 2 2 0
18.5334 0 0 2 2 0
18.5834 0 0 2 2 0
18.6334 0 0 2 2 0
18.6834 0 0 2 2 0
18.7334 0 0 2 2 0
18.7834 0 0 2 2 0
18.8334 0 0 2 2 0
18.8834 0 0 2 2 0
18.9334 0 0 2 2 0
18.9834 0 0 2 2 0
19.0334 0 0 2 2 0
19.0834 0 0 2 2 0
19.1334 0 0 2 2 0
19.1834 0 0 2 2 0
19.2334 0 0 2 2 0
19.2834 0 0 2 2 0
19.3334 0 0 2 2 0
19.3834 0 0 2 2 0
19.4334 0 0 2 2 0
19.4834 0 0 2 2 0
19.5334 0 0 2 2 0
19.5834 0 0 2 2 0
19.6334 0 0 2 2 0
19.6834 0 0 2 2 0
19.7334 0 0 2 2 0
19.7834 0 0 2 2 0
19.8334 0 0 2 2 0
19.8834 0 0 2 2 0
19.9334 0 0 2 2 0
19.9834 0 0 2 2 0
20.0334 0 0 2 2 0
20.0834 0 0 2 2 0
20.1334 0 0 2 2 0
20.1834 0 0 2 2 0
20.2334 0 0 2 2 0
20.2834 0 0 2 2 0
20.3334 0 0 2 2 0
20.3834 0 0 2 2 0
20.4334 0 0 2 2 0
20.4834 0 0 2 2 0
20.5334 0 0 2 2 0
20.5834 0 0 2 2 0
20.6334 0 0 2 2 0
20.6834 0 0 2 2 0
20.7334 0 0 2 2 0
20.7834 0 0 2 2 0
20.8334 0 0 2 2 0
20.8834 0 0 2 2 0
20.9334 0 0 2 2 0
20.9834 0 0 2 2 0
21.0334 0 0 2 2 0
21.0834 0 0 2 2 0
21.1334 0 0 2 2 0
21.1834 0 0 2 2 0
21.2334 0 0 2 2 0
21.2834 0 0 2 2 0
21.3334 0 0 2 2 0
21.3834 0 0 2 2 0
21.4334 0 0 2 2 0
21.4834 0 0 2 2 0
21.5334 0 0 2 2 0
21.5834 0 0 2 2 0
21.6334 0 0 2 2 0
21.6834 0 0 2 2 0
21.7334 0 0 2 2 0
21.7834 0 0 2 2 0
21.8334 0 0 2 2 0
21.8834 0 0 2 2 0
21.9334 0 0 2 2 0
21.9834 0 0 2 2 0
22.0334 0 0 2 2 0
22.0834 0 0 2 2 0
22.1334 0 0 2 2 0
22.1834 0 0 2 2 0
22.2334 0 0 2 2 0
22.2834 0 0 2 2 0
22.3334 0 0 2 2 0
22.3834 0 0 2 2 0
22.4334 0 0 2 2 0
22.4834 0 0 2 2 0
22.5334 0 0 2 2 0
22.5834 0 0 2 2 0
22.6334 0 0 2 2 0
22.6834 0 0 2 2 0
22.7334 0 0 2 2 0
22.7834 0 0 2 2 0
22.8334 0 0 2 2 0
22.8834 0 0 2 2 0
22.9334 0 0 2 2 0
22.9834 0 0 2 2 0
23.0334 0 0 2 2 0
23.0834 0 0 2 2 0
23.1334 0 0 2 2 0
23.1834 0 0 2 2 0
23.2334 0 0 2 2 0
23.2834 0 0 2 2 0
23.3334 0 0 2 2 0
23.3834 0 0 2 2 0
23.4334 0 0 2 2 0
23.4834 0 0 2 2 0
23.5334 0 0 2 2 0
23.5834 0 0 2 2 0
23.6334 0 0 2 2 0
23.6834 0 0 2 2 0
23.7334 0 0 2 2 0
23.7834 0 0 2 2 0
23.8334 0 0 2 2 0
23.8834 0 0 2 2 0
23.9334 0 0 2 2 0
23.9834 0 0 2 2 0
24.0334 0 0 2 2 0
24.0834 0 0 2 2 0
24.1334 0 0 2 2 0
24.1834 0 0 2 2 0
24.2334 0 0 2 2 0
24.2834 0 0 2 2 0
24.3334 0 0 2 2 0
24.3834 0 0 2 2 0
24.4334 0 0 2 2 0
24.4834 0 0 2 2 0
24.5334 0 0 2 2 0
24.5834 0 0 2 2 0
24.6334 0 0 2 2 0
24.6834 0 0 2 2 0
24.7334 0 0 2 2 0
24.7834 0 0 2 2 0
24.8334 0 0 2 2 0
24.8834 0 0 2 2 0
24.9334 0 0 2 2 0
24.9834 0 0 2 2 0
25.0334 0 0 2 2 0
25.0834 0 0 2 2 0
25.1334 0 0 2 2 0
25.1834 0 0 2 2 0
25.2334 0 0 2 2 0
25.2834 0 0 2 2 0
25.3334 0 0 2 2 0
25.3834 0 0 2 2 0
25.4334 0 0 2 2 0
25.4834 0 0 2 2 0
25.5334 0 0 2 2 0
25.5834 0 0 2 2 0
25.6334 0 0 2 2 0
25.6834 0 0 2 2 0
25.7334 0 0 2 2 0
25.7834 0 0 2 2 0
25.8334 0 0 2 2 0
25.8834 0 0 2 2 0
25.9334 0 0 2 2 0
25.9834 0 0 2 2 0
26.0334 0 0 2 2 0
26.0834 0 0 2 2 0
26.1334 0 0 2 2 0
26.1834 0 0 2 2 0
26.2334 0 0 2 2 0
26.2834 0 0 2 2 0
26.3334 0 0 2 2 0
26.3834 0 0 2 2 0
26.4334 0 0 2 2 0
26.4834 0 0 2 2 0
26.5334 0 0 2 2 0
26.5834 0 0 2 2 0
26.6334 0 0 2 2 0
26.6834 0 0 2 2 0
26.7334 0 0 2 2 0
26.7834 0 0 2 2 0
26.8334 0 0 2 2 0
26.8834 0 0 2 2 0
26.9334 0 0 2 2 0
26.9834 0 0 2 2 0
27.0334 0 0 2 2 0
27.0834 0 0 2 2 0
27.1334 0 0 2 2 0
27.1834 0 0 2 2 0
27.2334 0 0 2 2 0
27.2834 0 0 2 2 0
27.3334 0 0 2 2 0
27.3834 0 0 2 2 0
27.4334 0 0 2 2 0
27.4834 0 0 2 2 0
27.5334 0 0 2 2 0
27.5834 0 0 2 2 0
27.6334 0 0 2 2 0
27.6834 0 0 2 2 0
27.7334 0 0 2 2 0
27.7834 0 0 2 2 0
27.8334 0 0 2 2 0
27.8834 0 0 2 2 0
27.9334 0 0 2 2 0
27.9834 0 0 2 2 0
28.0334 0 0 2 2 0
28.0834 0 0 2 2 0
28.1334 0 0 2 2 0
28.1834 0 0 2 2 0
28.2334 0 0 2 2 0
28.2834 0 0 2 2 0
28.3334 0 0 2 2 0
28.3834 0 0 2 2 0
28.4334 0 0 2 2 0
28.4834 0 0 2 2 0
28.5334 0 0 2 2 0
28.5834 0 0 2 2 0
28.6334 0 0 2 2 0
28.6834 0 0 2 2 0
28.7334 0 0 2 2 0
28.7834 0 0 2 2 0
28.8334 0 0 2 2 0
28.8834 0 0 2 2 0
28.9334 0 0 2 2 0
28.9834 0 0 2 2 0
29.0334 0 0 2 2 0
29.0834 0 0 2 2 0
29.1334 0 0 2 2 0
29.1834 0 0 2 2 0
29.2334 0 0 2 2 0
29.2834 0 0 2 2 0
29.3334 0 0 2 2 0
29.3834 0 0 2 2 0
29.4334 0 0 2 2 0
29.4834 0 0 2 2 0
29.5334 0 0 2 2 0
29.5834 0 0 2 2 0
29.6334 0 0 2 2 0
29.6834 0 0 2 2 0
29.7334 0 0 2 2 0
29.7834 0 0 2 2 0
29.8334 0 0 2 2 0
29.8834 0 0 2 2 0
29.9334 0 0 2 2 0
29.9834 0 0 2 2 0
30.0334 0 0 2 2 0
30.0834 0 0 2 2 0
30.1334 0 0 2 2 0
30.1834 0 0 2 2 0
30.2334 0 0 2 2 0
30.2834 0 0 2 2 0
30.3334 0 0 2 2 0
30.3834 0 0 2 2 0
30.4334 0 0 2 2 0
30.4834 0 0 2 2 0
30.5334 0 0 2 2 0
30.5834 0 0 2 2 0
30.6334 0 0 2 2 0
30.6834 0 0 2 2 0
30.7334 0 0 2 2 0
30.7834 0 0 2 2 0
30.8334 0 0 2 2 0
30.8834 0 0 2 2 0
30.9334 0 0 2 2 0
30.9834 0 0 2 2 0
31.0334 0 0 2 2 0
31.0834 0 0 2 2 0
31.1334 0 0 2 2 0
31.1834 0 0 2 2 0
31.2334 0 0 2 2 0
31.2834 0 0 2 2 0
31.3334 0 0 2 2 0
31.3834 0 0 2 2 0
31.4334 0 0 2 2 0
31.4834 0 0 2 2 0
31.5334 0 0 2 2 0
31.5834 0 0 2 2 0
31.6334 0 0 2 2 0
31.6834 0 0 2 2 0
31.7334 0 0 2 2 0
31.7834 0 0 2 2 0
31.8334 0 0 2 2 0
31.8834 0 0 2 2 0
31.9334 0 0 2 2 0
31.9834 0 0 2 2 0
32.0334 0 0 2 2 0
32.0834 0 0 2 2 0
32.1334 0 0 2 2 0
32.1834 0 0 2 2 0
32.2334 0 0 2 2 0
32.2834 0 0 2 2 0
32.3334 0 0 2 2 0
32.3834 0 0 2 2 0
32.4334 0 0 2 2 0
32.4834 0 0 2 2 0
32.5334 0 0 2 2 0
32.5834 0 0 2 2 0
32.6334 0 0 2 2 0
32.6834 0 0 2 2 0
32.7334 0 0 2 2 0
32.7834 0 0 2 2 0
32.8334 0 0 2 2 0
32.8834 0 0 2 2 0
32.9334 0 0 2 2 0
32.9834 0 0 2 2 0
33.0334 0 0 2 2 0
33.0834 0 0 2 2 0
33.1334 0 0 2 2 0
33.1834 0 0 2 2 0
33.2334 0 0 2 2 0
33.2834 0 0 2 2 0
33.3334 0 0 2 2 0
33.3834 0 0 2 2 0
33.4334 0 0 2 2 0
33.4834 0 0 2 2 0
33.5334 0 0 2 2 0
33.5834 0 0 2 2 0
33.6334 0 0 2 2 0
33.6834 0 0 2 2 0
33.7334 0 0 2 2 0
33.7834 0 0 2 2 0
33.8334 0 0 2 2 0
33.8834 0 0 2 2 0
33.9334 0 0 2 2 0
33.9834 0 0 2 2 0
34.0334 0 0 2 2 0
34.0834 0 0 2 2 0
34.1334 0 0 2 2 0
34.1834 0 0 2 2 0
34.2334 0 0 2 2 0
34.2834 0 0 2 2 0
34.3334 0 0 2 2 0
34.3834 0 0 2 2 0
34.4334 0 0 2 2 0
34.4834 0 0 2 2 0
34.5334 0 0 2 2 0
34.5834 0 0 2 2 0
34.6334 0 0 2 2 0
34.6834 0 0 2 2 0
34.7334 0 0 2 2 0
34.7834 0 0 2 2 0
34.8334 0 0 2 2 0
34.8834 0 0 2 2 0
34.9334 0 0 2 2 0
34.9834 0 0 2 2 0
35.0334 0 0 2 2 0
35.0834 0 0 2 2 0
35.1334 0 0 2 2 0
35.1834 0 0 2 2 0
35.2334 0 0 2 2 0
35.2834 0 0 2 2 0
35.3334 0 0 2 2 0
35.3834 0 0 2 2 0
35.4334 0 0 2 2 0
35.4834 0 0 2 2 0
35.5334 0 0 2 2 0
35.5834 0 0 2 2 0
35.6334 0 0 2 2 0
35.6834 0 0 2 2 0
35.7334 0 0 2 2 0
35.7834 0 0 2 2 0
35.8334 0 0 2 2 0
35.8834 0 0 2 2 0
35.9334 0 0 2 2 0
35.9834 0 0 2 2 0
36.0334 0 0 2 2 0
36.0834 0 0 2 2 0
36.1334 0 0 2 2 0
36.1834 0 0 2 2 0
36.2334 0 0 2 2 0
36.2834 0 0 2 2 0
36.3334 0 0 2 2 0
36.3834 0 0 2 2 0
36.4334 0 0 2 2 0
36.4834 0 0 2 2 0
36.5334 0 0 2 2 0
36.5834 0 0 2 2 0
36.6334 0 0 2 2 0
36.6834 0 0 2 2 0
36.7334 0 0 2 2 0
36.7834 0 0 2 2 0
36.8334 0 0 2 2 0
36.8834 0 0 2 2 0
36.9334 0 0 2 2 0
36.9834 0 0 2 2 0
37.0334 0 0 2 2 0
37.0834 0 0 2 2 0
37.1334 0 0 2 2 0
37.1834 0 0 2 2 0
37.2334 0 0 2 2 0
37.2834 0 0 2 2 0
37.3334 0 0 2 2 0
37.3834 0 0 2 2 0
37.4334 0 0 2 2 0
37.4834 0 0 2 2 0
37.5334 0 0 2 2 0
37.5834 0 0 2 2 0
37.6334 0 0 2 2 0
37.6834 0 0 2 2 0
37.7334 0 0 2 2 0
37.7834 0 0 2 2 0
37.8334 0 0 2 2 0
37.8834 0 0 2 2 0
37.9334 0 0 2 2 0
37.9834 0 0 2 2 0
38.0334 0 0 2 2 0
38.0834 0 0 2 2 0
38.1334 0 0 2 2 0
38.1834 0 0 2 2 0
38.2334 0 0 2 2 0
38.2834 0 0 2 2 0
38.3334 0 0 2 2 0
38.3834 0 0 2 2 0
38.4334 0 0 2 2 0
38.4834 0 0 2 2 0
38.5334 0 0 2 2 0
38.5834 0 0 2 2 0
38.6334 0 0 2 2 0
38.6834 0 0 2 2 0
38.7334 0 0 2 2 0
38.7834 0 0 2 2 0
38.8334 0 0 2 2 0
38.8834 0 0 2 2 0
38.9334 0 0 2 2 0
38.9834 0 0 2 2 0
39.0334 0 0 2 2 0
39.0834 0 0 2 2 0
39.1334 0 0 2 2 0
39.1834 0 0 2 2 0
39.2334 0 0 2 2 0
39.2834 0 0 2 2 0
39.3334 0 0 2 2 0
39.3834 0 0 2 2 0
39.4334 0 0 2 2 0
39.4834 0 0 2 2 0
39.5334 0 0 2 2 0
39.5834 0 0 2 2 0
39.6334 0 0 2 2 0
39.6834 0 0 2 2 0
39.7334 0 0 2 2 0
39.7834 0 0 2 2 0
39.8334 0 0 2 2 0
39.8834 0 0 2 2 0
39.9334 0 0 2 2 0
39.9834 0 0 2 2 0
40.0334 0 0 2 2 0
