10.398 0.6 0.6 2 24 5
10.3619 0.617322 0.617322 2 24 5
10.3354 0.631413 0.631413 2 24 5
10.2968 0.65454 0.65454 2 24 5
10.2558 0.683263 0.683263 2 24 5
10.2174 0.715355 0.715355 2 24 5
10.1824 0.750814 0.750814 2 24 5
10.1508 0.789569 0.789569 2 24 5
10.1231 0.831213 0.831213 2 24 5
10.0993 0.875195 0.875195 2 24 5
10.0792 0.921134 0.921134 2 24 5
10.0623 0.968173 0.968173 2 24 5
10.0482 1.01609 1.01609 2 24 5
10.0363 1.06463 1.06463 2 24 5
10.0263 1.1136 1.1136 2 24 5
10.0179 1.16288 1.16288 2 24 5
10.0108 1.21236 1.21236 2 24 5
10.0037 1.26184 1.26184 2 24 5
9.9987 1.31163 1.31163 2 24 5
9.99439 1.36146 1.36146 2 24 5
9.99066 1.41134 1.41134 2 24 5
9.9874 1.46124 1.46124 2 24 5
9.98456 1.51117 1.51117 2 24 5
9.98206 1.56111 1.56111 2 24 5
9.97986 1.61106 1.61106 2 24 5
9.97792 1.66103 1.66103 2 24 5
9.97619 1.711 1.711 2 24 5
9.97464 1.76098 1.76098 2 24 5
9.97327 1.81096 1.81096 2 24 5
9.97203 1.86095 1.86095 2 24 5
9.97092 1.91093 1.91093 2 24 5
9.96992 1.96093 1.96093 2 24 5
9.96902 2.01092 2.01092 2 24 5
9.9682 2.06091 2.06091 2 24 5
9.96745 2.11091 2.11091 2 24 5
9.96678 2.1609 2.1609 2 24 5
9.96616 2.2109 2.2109 2 24 5
9.96559 2.26089 2.26089 2 24 5
9.96508 2.31089 2.31089 2 24 5
9.9646 2.36089 2.36089 2 24 5
9.96417 2.41089 2.41089 2 24 5
9.96376 2.46089 2.46089 2 24 5
9.96339 2.51088 2.51088 2 24 5
9.96305 2.56088 2.56088 2 24 5
9.96273 2.61088 2.61088 2 24 5
9.96244 2.66088 2.66088 2 24 5
9.96217 2.71088 2.71088 2 24 5
9.96192 2.76088 2.76088 2 24 5
9.96168 2.81088 2.81088 2 24 5
9.96146 2.86088 2.86088 2 24 5
9.96126 2.91088 2.91088 2 24 5
9.96107 2.96088 2.96088 2 24 5
9.96089 3.01088 3.01088 2 24 5
9.96072 3.06088 3.06088 2 24 5
9.96056 3.11088 3.11088 2 24 5
9.96042 3.16088 3.16088 2 24 5
9.96028 3.21088 3.21088 2 24 5
9.96015 3.26088 3.26088 2 24 5
9.96003 3.31088 3.31088 2 24 5
9.95991 3.36088 3.36088 2 24 5
9.95981 3.41088 3.41088 2 24 5
9.9597 3.46088 3.46088 2 24 5
9.95961 3.51088 3.51088 2 24 5
9.95952 3.56088 3.56088 2 24 5
9.95943 3.61088 3.61088 2 24 5
9.95935 3.66088 3.66088 2 24 5
9.95927 3.71088 3.71088 2 24 5
9.9592 3.76088 3.76088 2 24 5
9.95913 3.81088 3.81088 2 24 5
9.95906 3.86088 3.86088 2 24 5
9.959 3.91088 3.91088 2 24 5
9.95894 3.96088 3.96088 2 24 5
9.95889 4.01088 4.01088 2 24 5
9.95883 4.06088 4.06088 2 24 5
9.95878 4.11088 4.11088 2 24 5
9.95873 4.16088 4.16088 2 24 5
9.95869 4.21088 4.21088 2 24 5
9.95864 4.26088 4.26088 2 24 5
9.9586 4.31088 4.31088 2 24 5
9.95856 4.36088 4.36088 2 24 5
9.95852 4.41088 4.41088 2 24 5
9.95848 4.46088 4.46088 2 24 5
9.95845 4.51088 4.51088 2 24 5
9.95842 4.56088 4.56088 2 24 5
9.95838 4.61088 4.61088 2 24 5
9.95835 4.66088 4.66088 2 24 5
9.95833 4.71088 4.71088 2 24 5
9.95829 4.76088 4.76088 2 24 5
9.95827 4.81088 4.81088 2 24 5
9.95824 4.86088 4.86088 2 24 5
9.95822 4.91088 4.91088 2 24 5
9.95819 4.96088 4.96088 2 24 5
9.95817 5.01088 5.01088 2 24 5
9.95815 5.06088 5.06088 2 24 5
9.95813 5.11088 5.11088 2 24 5
9.9581 5.16088 5.16088 2 24 5
9.95808 5.21088 5.21088 2 24 5
9.95807 5.26088 5.26088 2 24 5
9.95805 5.31088 5.31088 2 24 5
9.95803 5.36088 5.36088 2 24 5
9.95801 5.41088 5.41088 2 24 5
9.958 5.46088 5.46088 2 24 5
9.95798 5.51089 5.51089 2 24 5
9.95796 5.56088 5.56088 2 24 5
9.95795 5.61088 5.61088 2 24 5
9.95794 5.66088 5.66088 2 24 5
9.95792 5.71088 5.71088 2 24 5
9.95791 5.76088 5.76088 2 24 5
9.9579 5.81089 5.81089 2 24 5
9.95789 5.86088 5.86088 2 24 5
9.95787 5.91088 5.91088 2 24 5
9.95786 5.96088 5.96088 2 24 5
9.95785 6.01088 6.01088 2 24 5
9.95784 6.06088 6.06088 2 24 5
9.95783 6.11088 6.11088 2 24 5
9.95782 6.16087 6.16087 2 24 5
9.95781 6.21086 6.21086 2 24 5
9.9578 6.2609 6.2609 2 24 5
9.95779 6.3109 6.3109 2 24 5
9.95778 6.36088 6.36088 2 24 5
9.95777 6.41089 6.41089 2 24 5
9.95777 6.46089 6.46089 2 24 5
9.95776 6.51089 6.51089 2 24 5
9.95775 6.56089 6.56089 2 24 5
9.95774 6.61089 6.61089 2 24 5
9.95774 6.66089 6.66089 2 24 5
9.95773 6.71089 6.71089 2 24 5
9.95772 6.76089 6.76089 2 24 5
9.95771 6.81089 6.81089 2 24 5
9.95771 6.86089 6.86089 2 24 5
9.9577 6.91089 6.91089 2 24 5
9.9577 6.96089 6.96089 2 24 5
9.95769 7.01089 7.01089 2 24 5
9.95768 7.06089 7.06089 2 24 5
9.95768 7.1109 7.1109 2 24 5
9.95767 7.16089 7.16089 2 24 5
9.95767 7.21089 7.21089 2 24 5
9.95766 7.26089 7.26089 2 24 5
9.95766 7.31089 7.31089 2 24 5
9.95765 7.36089 7.36089 2 24 5
9.95765 7.41089 7.41089 2 24 5
9.95764 7.4609 7.4609 2 24 5
9.95764 7.5109 7.5109 2 24 5
9.95763 7.5609 7.5609 2 24 5
9.95763 7.61089 7.61089 2 24 5
9.95763 7.66089 7.66089 2 24 5
9.95762 7.71089 7.71089 2 24 5
9.95762 7.7609 7.7609 2 24 5
9.95761 7.8109 7.8109 2 24 5
9.95761 7.8609 7.8609 2 24 5
9.95761 7.9109 7.9109 2 24 5
9.9576 7.9609 7.9609 2 24 5
9.9576 8.0109 8.0109 2 24 5
9.9576 8.0609 8.0609 2 24 5
9.95759 8.1109 8.1109 2 24 5
9.95759 8.1609 8.1609 2 24 5
9.95759 8.2109 8.2109 2 24 5
9.95758 8.2609 8.2609 2 24 5
9.95758 8.3109 8.3109 2 24 5
9.95758 8.3609 8.3609 2 24 5
9.95757 8.4109 8.4109 2 24 5
9.95757 8.4609 8.4609 2 24 5
9.95757 8.51093 8.51093 2 24 5
9.95757 8.56092 8.56092 2 24 5
9.95756 8.61091 8.61091 2 24 5
9.95756 8.66091 8.66091 2 24 5
9.95756 8.71092 8.71092 2 24 5
9.95756 8.76091 8.76091 2 24 5
9.95755 8.81091 8.81091 2 24 5
9.95755 8.86091 8.86091 2 24 5
9.95755 8.91091 8.91091 2 24 5
9.95755 8.96091 8.96091 2 24 5
9.95754 9.01091 9.01091 2 24 5
9.95754 9.06091 9.06091 2 24 5
9.95754 9.11091 9.11091 2 24 5
9.95754 9.16091 9.16091 2 24 5
9.95754 9.21091 9.21091 2 24 5
9.95753 9.26091 9.26091 2 24 5
9.95753 9.31091 9.31091 2 24 5
9.95753 9.36091 9.36091 2 24 5
9.95753 9.41091 9.41091 2 24 5
9.95753 9.46091 9.46091 2 24 5
9.95752 9.51092 9.51092 2 24 5
9.95752 9.56091 9.56091 2 24 5
9.95752 9.61091 9.61091 2 24 5
9.95752 9.66092 9.66092 2 24 5
9.95752 9.71092 9.71092 2 24 5
9.95752 9.76092 9.76092 2 24 5
9.95751 9.81092 9.81092 2 24 5
9.95751 9.86092 9.86092 2 24 5
9.95751 9.91092 9.91092 2 24 5
9.95751 9.96092 9.96092 2 24 5
9.95751 10.0109 10.0109 2 24 5
9.95751 10.0609 10.0609 2 24 5
9.95751 10.1109 10.1109 2 24 5
9.9575 10.1609 10.1609 2 24 5
9.9575 10.2109 10.2109 2 24 5
9.9575 10.2609 10.2609 2 24 5
9.9575 10.3109 10.3109 2 24 5
9.9575 10.3609 10.3609 2 24 5
9.9575 10.4109 10.4109 2 24 5
9.9575 10.4609 10.4609 2 24 5
9.9575 10.5109 10.5109 2 24 5
9.95749 10.5609 10.5609 2 24 5
9.95749 10.6109 10.6109 2 24 5
9.95749 10.6609 10.6609 2 24 5
9.95749 10.7109 10.7109 2 24 5
9.95749 10.7609 10.7609 2 24 5
9.95749 10.8109 10.8109 2 24 5
9.95749 10.8609 10.8609 2 24 5
9.95749 10.9109 10.9109 2 24 5
9.95749 10.9609 10.9609 2 24 5
9.95748 11.0109 11.0109 2 24 5
9.95748 11.0609 11.0609 2 24 5
9.95748 11.1109 11.1109 2 24 5
9.95748 11.1609 11.1609 2 24 5
9.95748 11.2109 11.2109 2 24 5
9.95748 11.2609 11.2609 2 24 5
9.95748 11.3109 11.3109 2 24 5
9.95748 11.3609 11.3609 2 24 5
9.95748 11.4109 11.4109 2 24 5
9.95748 11.4609 11.4609 2 24 5
9.95748 11.5109 11.5109 2 24 5
9.95748 11.5609 11.5609 2 24 5
9.95747 11.6109 11.6109 2 24 5
9.95747 11.6609 11.6609 2 24 5
9.95747 11.7109 11.7109 2 24 5
9.95747 11.7609 11.7609 2 24 5
9.95747 11.8109 11.8109 2 24 5
9.95747 11.8609 11.8609 2 24 5
9.95747 11.9109 11.9109 2 24 5
9.95747 11.9609 11.9609 2 24 5
9.95747 12.0109 12.0109 2 24 5
9.95747 12.0609 12.0609 2 24 5
9.95747 12.1109 12.1109 2 24 5
9.95747 12.1609 12.1609 2 24 5
9.95747 12.2109 12.2109 2 24 5
9.95747 12.2609 12.2609 2 24 5
9.95746 12.3109 12.3109 2 24 5
9.95746 12.3609 12.3609 2 24 5
9.95746 12.4109 12.4109 2 24 5
9.95746 12.4609 12.4609 2 24 5
9.95746 12.5109 12.5109 2 24 5
9.95746 12.5609 12.5609 2 24 5
9.95746 12.6109 12.6109 2 24 5
9.95746 12.6609 12.6609 2 24 5
9.95746 12.7109 12.7109 2 24 5
9.95746 12.7609 12.7609 2 24 5
9.95746 12.8109 12.8109 2 24 5
9.95746 12.8609 12.8609 2 24 5
9.95746 12.9109 12.9109 2 24 5
9.95746 12.9609 12.9609 2 24 5
9.95746 13.0109 13.0109 2 24 5
9.95746 13.0609 13.0609 2 24 5
9.95746 13.1109 13.1109 2 24 5
9.95746 13.1609 13.1609 2 24 5
9.95745 13.2109 13.2109 2 24 5
9.95745 13.2609 13.2609 2 24 5
9.95745 13.3109 13.3109 2 24 5
9.95745 13.3609 13.3609 2 24 5
9.95745 13.4109 13.4109 2 24 5
9.95745 13.4609 13.4609 2 24 5
9.95745 13.5109 13.5109 2 24 5
9.95745 13.5609 13.5609 2 24 5
9.95745 13.6109 13.6109 2 24 5
9.95745 13.6609 13.6609 2 24 5
9.95745 13.7109 13.7109 2 24 5
9.95745 13.7609 13.7609 2 24 5
9.95745 13.8109 13.8109 2 24 5
9.95745 13.8609 13.8609 2 24 5
9.95745 13.9109 13.9109 2 24 5
9.95745 13.9609 13.9609 2 24 5
9.95745 14.0109 14.0109 2 24 5
9.95745 14.0609 14.0609 2 24 5
9.95745 14.1109 14.1109 2 24 5
9.95745 14.1609 14.1609 2 24 5
9.95745 14.2109 14.2109 2 24 5
9.95745 14.2609 14.2609 2 24 5
9.95745 14.3109 14.3109 2 24 5
9.95745 14.3609 14.3609 2 24 5
9.95745 14.4109 14.4109 2 24 5
9.95745 14.4609 14.4609 2 24 5
9.95744 14.5109 14.5109 2 24 5
9.95744 14.5609 14.5609 2 24 5
9.95744 14.6109 14.6109 2 24 5
9.95744 14.6609 14.6609 2 24 5
9.95744 14.7109 14.7109 2 24 5
9.95744 14.7609 14.7609 2 24 5
9.95744 14.8109 14.8109 2 24 5
9.95744 14.8609 14.8609 2 24 5
9.95744 14.9109 14.9109 2 24 5
9.95744 14.9609 14.9609 2 24 5
9.95744 15.0109 15.0109 2 24 5
9.95744 15.0609 15.0609 2 24 5
9.95744 15.1109 15.1109 2 24 5
9.95744 15.1609 15.1609 2 24 5
9.95744 15.2109 15.2109 2 24 5
9.95744 15.2609 15.2609 2 24 5
9.95744 15.3109 15.3109 2 24 5
9.95744 15.3609 15.3609 2 24 5
9.95744 15.4109 15.4109 2 24 5
9.95744 15.4609 15.4609 2 24 5
9.95744 15.5109 15.5109 2 24 5
9.95744 15.5609 15.5609 2 24 5
9.95744 15.6109 15.6109 2 24 5
9.95744 15.6609 15.6609 2 24 5
9.95744 15.7109 15.7109 2 24 5
9.95744 15.7609 15.7609 2 24 5
9.95744 15.8109 15.8109 2 24 5
9.95744 15.8609 15.8609 2 24 5
9.95744 15.9109 15.9109 2 24 5
9.95744 15.9609 15.9609 2 24 5
9.95744 16.0109 16.0109 2 24 5
9.95744 16.0609 16.0609 2 24 5
9.95744 16.1109 16.1109 2 24 5
9.95744 16.1609 16.1609 2 24 5
9.95744 16.2109 16.2109 2 24 5
9.95744 16.2609 16.2609 2 24 5
9.95744 16.3109 16.3109 2 24 5
9.95744 16.3609 16.3609 2 24 5
9.95744 16.4109 16.4109 2 24 5
9.95744 16.4609 16.4609 2 24 5
9.95743 16.5109 16.5109 2 24 5
9.95743 16.5609 16.5609 2 24 5
9.95743 16.6109 16.6109 2 24 5
9.95743 16.6609 16.6609 2 24 5
9.95743 16.7109 16.7109 2 24 5
9.95743 16.7609 16.7609 2 24 5
9.95743 16.8109 16.8109 2 24 5
9.95743 16.8609 16.8609 2 24 5
9.95743 16.9109 16.9109 2 24 5
9.95743 16.9609 16.9609 2 24 5
9.95743 17.0109 17.0109 2 24 5
9.95743 17.0609 17.0609 2 24 5
9.95743 17.1109 17.1109 2 24 5
9.95743 17.1609 17.1609 2 24 5
9.95743 17.2109 17.2109 2 24 5
9.95743 17.2609 17.2609 2 24 5
9.95743 17.3109 17.3109 2 24 5
9.95743 17.3609 17.3609 2 24 5
9.95743 17.4109 17.4109 2 24 5
9.95743 17.4609 17.4609 2 24 5
9.95743 17.5109 17.5109 2 24 5
9.95743 17.5609 17.5609 2 24 5
9.95743 17.6109 17.6109 2 24 5
9.95743 17.6609 17.6609 2 24 5
9.95743 17.7109 17.7109 2 24 5
9.95743 17.7609 17.7609 2 24 5
9.95743 17.8109 17.8109 2 24 5
9.95743 17.8609 17.8609 2 24 5
9.95743 17.9109 17.9109 2 24 5
9.95743 17.9609 17.9609 2 24 5
9.95743 18.0109 18.0109 2 24 5
9.95743 18.0609 18.0609 2 24 5
9.95743 18.1109 18.1109 2 24 5
9.95743 18.1609 18.1609 2 24 5
9.95743 18.2109 18.2109 2 24 5
9.95743 18.2609 18.2609 2 24 5
9.95743 18.3109 18.3109 2 24 5
9.95743 18.3609 18.3609 2 24 5
9.95743 18.4109 18.4109 2 24 5
9.95743 18.4609 18.4609 2 24 5
9.95743 18.5109 18.5109 2 24 5
9.95743 18.5609 18.5609 2 24 5
9.95743 18.6109 18.6109 2 24 5
9.95743 18.6609 18.6609 2 24 5
9.95743 18.7109 18.7109 2 24 5
9.95743 18.7609 18.7609 2 24 5
9.95743 18.8109 18.8109 2 24 5
9.95743 18.8609 18.8609 2 24 5
9.95743 18.9109 18.9109 2 24 5
9.95743 18.9609 18.9609 2 24 5
9.95743 19.0109 19.0109 2 24 5
9.95743 19.0609 19.0609 2 24 5
9.95743 19.1109 19.1109 2 24 5
9.95743 19.1609 19.1609 2 24 5
9.95743 19.2109 19.2109 2 24 5
9.95743 19.2609 19.2609 2 24 5
9.95743 19.3109 19.3109 2 24 5
9.95743 19.3609 19.3609 2 24 5
9.95743 19.4109 19.4109 2 24 5
9.95743 19.4609 19.4609 2 24 5
9.95743 19.5109 19.5109 2 24 5
9.95743 19.5609 19.5609 2 24 5
9.95743 19.6109 19.6109 2 24 5
9.95743 19.6609 19.6609 2 24 5
9.95743 19.7109 19.7109 2 24 5
9.95743 19.7609 19.7609 2 24 5
9.95743 19.8109 19.8109 2 24 5
9.95743 19.8609 19.8609 2 24 5
9.95743 19.9109 19.9109 2 24 5
9.95743 19.9609 19.9609 2 24 5
9.95743 20.0109 20.0109 2 24 5
9.95743 20.0609 20.0609 2 24 5
9.95743 20.1109 20.1109 2 24 5
9.95743 20.1609 20.1609 2 24 5
9.95743 20.2109 20.2109 2 24 5
9.95743 20.2609 20.2609 2 24 5
9.95743 20.3109 20.3109 2 24 5
9.95742 20.3609 20.3609 2 24 5
9.95742 20.4109 20.4109 2 24 5
9.95742 20.4609 20.4609 2 24 5
9.95742 20.5109 20.5109 2 24 5
9.95742 20.5609 20.5609 2 24 5
9.95742 20.6109 20.6109 2 24 5
9.95742 20.6609 20.6609 2 24 5
9.95742 20.7109 20.7109 2 24 5
9.95742 20.7609 20.7609 2 24 5
9.95742 20.8109 20.8109 2 24 5
9.95742 20.8609 20.8609 2 24 5
9.95742 20.9109 20.9109 2 24 5
9.95742 20.9609 20.9609 2 24 5
9.95742 21.0109 21.0109 2 24 5
9.95742 21.0609 21.0609 2 24 5
9.95742 21.1109 21.1109 2 24 5
9.95742 21.1609 21.1609 2 24 5
9.95742 21.2109 21.2109 2 24 5
9.95742 21.2609 21.2609 2 24 5
9.95742 21.3109 21.3109 2 24 5
9.95742 21.3609 21.3609 2 24 5
9.95742 21.4109 21.4109 2 24 5
9.95742 21.4609 21.4609 2 24 5
9.95742 21.5109 21.5109 2 24 5
9.95742 21.5609 21.5609 2 24 5
9.95742 21.6109 21.6109 2 24 5
9.95742 21.6609 21.6609 2 24 5
9.95742 21.7109 21.7109 2 24 5
9.95742 21.7609 21.7609 2 24 5
9.95742 21.8109 21.8109 2 24 5
9.95742 21.8609 21.8609 2 24 5
9.95742 21.9109 21.9109 2 24 5
9.95742 21.9609 21.9609 2 24 5
9.95742 22.0109 22.0109 2 24 5
9.95742 22.0609 22.0609 2 24 5
9.95742 22.1109 22.1109 2 24 5
9.95742 22.1609 22.1609 2 24 5
9.95742 22.2109 22.2109 2 24 5
9.95742 22.2609 22.2609 2 24 5
9.95742 22.3109 22.3109 2 24 5
9.95742 22.3609 22.3609 2 24 5
9.95742 22.4109 22.4109 2 24 5
9.95742 22.4609 22.4609 2 24 5
9.95742 22.5109 22.5109 2 24 5
9.95742 22.5609 22.5609 2 24 5
9.95742 22.6109 22.6109 2 24 5
9.95742 22.6609 22.6609 2 24 5
9.95742 22.7109 22.7109 2 24 5
9.95742 22.7609 22.7609 2 24 5
9.95742 22.8109 22.8109 2 24 5
9.95742 22.8609 22.8609 2 24 5
9.95742 22.9109 22.9109 2 24 5
9.95742 22.9609 22.9609 2 24 5
9.95742 23.0109 23.0109 2 24 5
9.95742 23.0609 23.0609 2 24 5
9.95742 23.1109 23.1109 2 24 5
9.95742 23.1609 23.1609 2 24 5
9.95742 23.2109 23.2109 2 24 5
9.95742 23.2609 23.2609 2 24 5
9.95742 23.3109 23.3109 2 24 5
9.95742 23.3609 23.3609 2 24 5
9.95742 23.4109 23.4109 2 24 5
9.95742 23.4609 23.4609 2 24 5
9.95742 23.5109 23.5109 2 24 5
9.95742 23.5609 23.5609 2 24 5
9.95742 23.6109 23.6109 2 24 5
9.95742 23.6609 23.6609 2 24 5
9.95742 23.7109 23.7109 2 24 5
9.95742 23.7609 23.7609 2 24 5
9.95742 23.8109 23.8109 2 24 5
9.95742 23.8609 23.8609 2 24 5
9.95742 23.9109 23.9109 2 24 5
9.95742 23.9609 23.9609 2 24 5
9.95742 24.0109 24.0109 2 24 5
9.95742 24.0609 24.0609 2 24 5
9.95742 24.1109 24.1109 2 24 5
9.95742 24.1609 24.1609 2 24 5
9.95742 24.2109 24.2109 2 24 5
9.95742 24.2609 24.2609 2 24 5
9.95742 24.3109 24.3109 2 24 5
9.95742 24.3609 24.3609 2 24 5
9.95742 24.4109 24.4109 2 24 5
9.95742 24.4609 24.4609 2 24 5
9.95742 24.5109 24.5109 2 24 5
9.95742 24.5609 24.5609 2 24 5
9.95742 24.6109 24.6109 2 24 5
9.95742 24.6609 24.6609 2 24 5
9.95742 24.7109 24.7109 2 24 5
9.95742 24.7609 24.7609 2 24 5
9.95742 24.8109 24.8109 2 24 5
9.95742 24.8609 24.8609 2 24 5
9.95742 24.9109 24.9109 2 24 5
9.95742 24.9609 24.9609 2 24 5
9.95742 25.0109 25.0109 2 24 5
9.95742 25.0609 25.0609 2 24 5
9.95742 25.1109 25.1109 2 24 5
9.95742 25.1609 25.1609 2 24 5
9.95742 25.2109 25.2109 2 24 5
9.95742 25.2609 25.2609 2 24 5
9.95742 25.3109 25.3109 2 24 5
9.95742 25.3609 25.3609 2 24 5
9.95742 25.4109 25.4109 2 24 5
9.95742 25.4609 25.4609 2 24 5
9.95742 25.5109 25.5109 2 24 5
9.95742 25.5609 25.5609 2 24 5
9.95742 25.6109 25.6109 2 24 5
9.95742 25.6609 25.6609 2 24 5
9.95742 25.7109 25.7109 2 24 5
9.95742 25.7609 25.7609 2 24 5
9.95742 25.8109 25.8109 2 24 5
9.95742 25.8609 25.8609 2 24 5
9.95742 25.9109 25.9109 2 24 5
9.95742 25.9609 25.9609 2 24 5
9.95742 26.0109 26.0109 2 24 5
9.95742 26.0609 26.0609 2 24 5
9.95742 26.1109 26.1109 2 24 5
9.95742 26.1609 26.1609 2 24 5
9.95742 26.2109 26.2109 2 24 5
9.95742 26.2609 26.2609 2 24 5
9.95742 26.3109 26.3109 2 24 5
9.95742 26.3609 26.3609 2 24 5
9.95742 26.4109 26.4109 2 24 5
9.95742 26.4609 26.4609 2 24 5
9.95742 26.5109 26.5109 2 24 5
9.95742 26.5609 26.5609 2 24 5
9.95742 26.6109 26.6109 2 24 5
9.95742 26.6609 26.6609 2 24 5
9.95742 26.7109 26.7109 2 24 5
9.95742 26.7609 26.7609 2 24 5
9.95742 26.8109 26.8109 2 24 5
9.95742 26.8609 26.8609 2 24 5
9.95742 26.9109 26.9109 2 24 5
9.95742 26.9609 26.9609 2 24 5
9.95742 27.0109 27.0109 2 24 5
9.95742 27.0609 27.0609 2 24 5
9.95742 27.1109 27.1109 2 24 5
9.95742 27.1609 27.1609 2 24 5
9.95742 27.2109 27.2109 2 24 5
9.95742 27.2609 27.2609 2 24 5
9.95742 27.3109 27.3109 2 24 5
9.95742 27.3609 27.3609 2 24 5
9.95742 27.4109 27.4109 2 24 5
9.95742 27.4609 27.4609 2 24 5
9.95742 27.5109 27.5109 2 24 5
9.95742 27.5609 27.5609 2 24 5
9.95742 27.6109 27.6109 2 24 5
9.95742 27.6609 27.6609 2 24 5
9.95742 27.7109 27.7109 2 24 5
9.95742 27.7609 27.7609 2 24 5
9.95742 27.8109 27.8109 2 24 5
9.95742 27.8609 27.8609 2 24 5
9.95742 27.9109 27.9109 2 24 5
9.95742 27.9609 27.9609 2 24 5
9.95742 28.0109 28.0109 2 24 5
9.95742 28.0609 28.0609 2 24 5
9.95742 28.1109 28.1109 2 24 5
9.95742 28.1609 28.1609 2 24 5
9.95742 28.2109 28.2109 2 24 5
9.95742 28.2609 28.2609 2 24 5
9.95742 28.3109 28.3109 2 24 5
9.95742 28.3609 28.3609 2 24 5
9.95742 28.4109 28.4109 2 24 5
9.95742 28.4609 28.4609 2 24 5
9.95742 28.5109 28.5109 2 24 5
9.95742 28.5609 28.5609 2 24 5
9.95742 28.6109 28.6109 2 24 5
9.95742 28.6609 28.6609 2 24 5
9.95742 28.7109 28.7109 2 24 5
9.95742 28.7609 28.7609 2 24 5
9.95742 28.8109 28.8109 2 24 5
9.95742 28.8609 28.8609 2 24 5
9.95742 28.9109 28.9109 2 24 5
9.95742 28.9609 28.9609 2 24 5
9.95742 29.0109 29.0109 2 24 5
9.95742 29.0609 29.0609 2 24 5
9.95742 29.1109 29.1109 2 24 5
9.95742 29.1609 29.1609 2 24 5
9.95742 29.2109 29.2109 2 24 5
9.95742 29.2609 29.2609 2 24 5
9.95742 29.3109 29.3109 2 24 5
9.95742 29.3609 29.3609 2 24 5
9.95742 29.4109 29.4109 2 24 5
9.95742 29.4609 29.4609 2 24 5
9.95742 29.5109 29.5109 2 24 5
9.95742 29.5609 29.5609 2 24 5
9.95742 29.6109 29.6109 2 24 5
9.95742 29.6609 29.6609 2 24 5
9.95742 29.7109 29.7109 2 24 5
9.95742 29.7609 29.7609 2 24 5
9.95742 29.8109 29.8109 2 24 5
9.95742 29.8609 29.8609 2 24 5
9.95742 29.9109 29.9109 2 24 5
9.95742 29.9609 29.9609 2 24 5
9.95742 30.0109 30.0109 2 24 5
9.95742 30.0609 30.0609 2 24 5
9.95742 30.1109 30.1109 2 24 5
9.95742 30.1609 30.1609 2 24 5
9.95742 30.2109 30.2109 2 24 5
9.95742 30.2609 30.2609 2 24 5
9.95742 30.3109 30.3109 2 24 5
9.95742 30.3609 30.3609 2 24 5
9.95742 30.4109 30.4109 2 24 5
9.95742 30.4609 30.4609 2 24 5
9.95742 30.5109 30.5109 2 24 5
9.95742 30.5609 30.5609 2 24 5
9.95742 30.6109 30.6109 2 24 5
9.95742 30.6609 30.6609 2 24 5
9.95742 30.7109 30.7109 2 24 5
9.95742 30.7609 30.7609 2 24 5
9.95742 30.8109 30.8109 2 24 5
9.95742 30.8609 30.8609 2 24 5
9.95742 30.9109 30.9109 2 24 5
9.95742 30.9609 30.9609 2 24 5
9.95742 31.0109 31.0109 2 24 5
9.95742 31.0609 31.0609 2 24 5
9.95742 31.1109 31.1109 2 24 5
9.95742 31.1609 31.1609 2 24 5
9.95742 31.2109 31.2109 2 24 5
9.95742 31.2609 31.2609 2 24 5
9.95742 31.3109 31.3109 2 24 5
9.95742 31.3609 31.3609 2 24 5
9.95742 31.4109 31.4109 2 24 5
9.95742 31.4609 31.4609 2 24 5
9.95742 31.5109 31.5109 2 24 5
9.95742 31.5609 31.5609 2 24 5
9.95742 31.6109 31.6109 2 24 5
9.95742 31.6609 31.6609 2 24 5
9.95742 31.7109 31.7109 2 24 5
9.95742 31.7609 31.7609 2 24 5
9.95742 31.8109 31.8109 2 24 5
9.95742 31.8609 31.8609 2 24 5
9.95742 31.9109 31.9109 2 24 5
9.95742 31.9609 31.9609 2 24 5
9.95742 32.0109 32.0109 2 24 5
9.95742 32.0609 32.0609 2 24 5
9.95742 32.1109 32.1109 2 24 5
9.95742 32.1609 32.1609 2 24 5
9.95742 32.2109 32.2109 2 24 5
9.95742 32.2609 32.2609 2 24 5
9.95742 32.3109 32.3109 2 24 5
9.95742 32.3609 32.3609 2 24 5
9.95742 32.4109 32.4109 2 24 5
9.95742 32.4609 32.4609 2 24 5
9.95742 32.5109 32.5109 2 24 5
9.95742 32.5609 32.5609 2 24 5
9.95742 32.6109 32.6109 2 24 5
9.95742 32.6609 32.6609 2 24 5
9.95742 32.7109 32.7109 2 24 5
9.95742 32.7609 32.7609 2 24 5
9.95742 32.8109 32.8109 2 24 5
9.95742 32.8609 32.8609 2 24 5
9.95742 32.9109 32.9109 2 24 5
9.95742 32.9609 32.9609 2 24 5
9.95742 33.0109 33.0109 2 24 5
9.95742 33.0609 33.0609 2 24 5
9.95742 33.1109 33.1109 2 24 5
9.95742 33.1609 33.1609 2 24 5
9.95742 33.2109 33.2109 2 24 5
9.95742 33.2609 33.2609 2 24 5
9.95742 33.3109 33.3109 2 24 5
9.95742 33.3609 33.3609 2 24 5
9.95742 33.4109 33.4109 2 24 5
9.95742 33.4609 33.4609 2 24 5
9.95742 33.5109 33.5109 2 24 5
9.95742 33.5609 33.5609 2 24 5
9.95742 33.6109 33.6109 2 24 5
9.95742 33.6609 33.6609 2 24 5
9.95742 33.7109 33.7109 2 24 5
9.95742 33.7609 33.7609 2 24 5
9.95742 33.8109 33.8109 2 24 5
9.95742 33.8609 33.8609 2 24 5
9.95742 33.9109 33.9109 2 24 5
9.95742 33.9609 33.9609 2 24 5
9.95742 34.0109 34.0109 2 24 5
9.95742 34.0609 34.0609 2 24 5
9.95742 34.1109 34.1109 2 24 5
9.95742 34.1609 34.1609 2 24 5
9.95742 34.2109 34.2109 2 24 5
9.95742 34.2609 34.2609 2 24 5
9.95742 34.3109 34.3109 2 24 5
9.95742 34.3609 34.3609 2 24 5
9.95742 34.4109 34.4109 2 24 5
9.95742 34.4609 34.4609 2 24 5
9.95742 34.5109 34.5109 2 24 5
9.95742 34.5609 34.5609 2 24 5
9.95742 34.6109 34.6109 2 24 5
9.95742 34.6609 34.6609 2 24 5
9.95742 34.7109 34.7109 2 24 5
9.95742 34.7609 34.7609 2 24 5
9.95742 34.8109 34.8109 2 24 5
9.95742 34.8609 34.8609 2 24 5
9.95742 34.9109 34.9109 2 24 5
9.95742 34.9609 34.9609 2 24 5
9.95742 35.0109 35.0109 2 24 5
9.95742 35.0609 35.0609 2 24 5
9.95742 35.1109 35.1109 2 24 5
9.95742 35.1609 35.1609 2 24 5
9.95742 35.2109 35.2109 2 24 5
9.95742 35.2609 35.2609 2 24 5
9.95742 35.3109 35.3109 2 24 5
9.95742 35.3609 35.3609 2 24 5
14.3877 0.6 0.6 2 8 3
14.3477 0.601811 0.601811 2 8 3
14.3077 0.603636 0.603636 2 8 3
14.2578 0.605949 0.605949 2 8 3
14.2078 0.608309 0.608309 2 8 3
14.1579 0.610709 0.610709 2 8 3
14.108 0.613148 0.613148 2 8 3
14.058 0.615626 0.615626 2 8 3
14.0081 0.618145 0.618145 2 8 3
13.9581 0.620705 0.620705 2 8 3
13.9082 0.623308 0.623308 2 8 3
13.8583 0.625955 0.625955 2 8 3
13.8084 0.628647 0.628647 2 8 3
13.7584 0.631386 0.631386 2 8 3
13.7085 0.634174 0.634174 2 8 3
13.6586 0.637011 0.637011 2 8 3
13.6087 0.639899 0.639899 2 8 3
13.5588 0.642841 0.642841 2 8 3
13.5088 0.645836 0.645836 2 8 3
13.4589 0.648889 0.648889 2 8 3
13.409 0.651999 0.651999 2 8 3
13.3591 0.65517 0.65517 2 8 3
13.3092 0.658404 0.658404 2 8 3
13.2593 0.661701 0.661701 2 8 3
13.2095 0.665066 0.665066 2 8 3
13.1596 0.668499 0.668499 2 8 3
13.1097 0.672004 0.672004 2 8 3
13.0598 0.675587 0.675587 2 8 3
13.0099 0.679242 0.679242 2 8 3
12.9601 0.682977 0.682977 2 8 3
12.9102 0.686803 0.686803 2 8 3
12.8603 0.690797 0.690797 2 8 3
12.8105 0.694705 0.694705 2 8 3
12.7607 0.698792 0.698792 2 8 3
12.7108 0.702979 0.702979 2 8 3
12.661 0.707267 0.707267 2 8 3
12.6112 0.71166 0.71166 2 8 3
12.5614 0.716164 0.716164 2 8 3
12.5116 0.720783 0.720783 2 8 3
12.4619 0.725523 0.725523 2 8 3
12.4121 0.730388 0.730388 2 8 3
12.3623 0.735385 0.735385 2 8 3
12.3126 0.74052 0.74052 2 8 3
12.2629 0.745799 0.745799 2 8 3
12.2132 0.751231 0.751231 2 8 3
12.1635 0.756822 0.756822 2 8 3
12.1138 0.762582 0.762582 2 8 3
12.0642 0.768518 0.768518 2 8 3
12.0146 0.77464 0.77464 2 8 3
11.9649 0.780959 0.780959 2 8 3
11.9154 0.787485 0.787485 2 8 3
11.8658 0.794231 0.794231 2 8 3
11.8163 0.801209 0.801209 2 8 3
11.7668 0.808433 0.808433 2 8 3
11.7174 0.81592 0.81592 2 8 3
11.668 0.823684 0.823684 2 8 3
11.6187 0.831744 0.831744 2 8 3
11.5694 0.84012 0.84012 2 8 3
11.5201 0.848833 0.848833 2 8 3
11.471 0.857906 0.857906 2 8 3
11.4219 0.867366 0.867366 2 8 3
11.3728 0.877239 0.877239 2 8 3
11.3239 0.887558 0.887558 2 8 3
11.2751 0.898353 0.898353 2 8 3
11.2263 0.909677 0.909677 2 8 3
11.1778 0.921548 0.921548 2 8 3
11.1293 0.934026 0.934026 2 8 3
11.0812 0.947829 0.947829 2 8 3
11.033 0.961017 0.961017 2 8 3
10.9852 0.975631 0.975631 2 8 3
10.9376 0.991092 0.991092 2 8 3
10.8903 1.00747 1.00747 2 8 3
10.8434 1.02486 1.02486 2 8 3
10.7969 1.04333 1.04333 2 8 3
10.7514 1.0642 1.0642 2 8 3
10.706 1.08527 1.08527 2 8 3
10.6614 1.10776 1.10776 2 8 3
10.6175 1.13177 1.13177 2 8 3
10.5746 1.15742 1.15742 2 8 3
10.5328 1.18482 1.18482 2 8 3
10.4922 1.21406 1.21406 2 8 3
10.4531 1.2452 1.2452 2 8 3
10.4156 1.27829 1.27829 2 8 3
10.3799 1.31331 1.31331 2 8 3
10.3462 1.35024 1.35024 2 8 3
10.3145 1.38897 1.38897 2 8 3
10.2851 1.42939 1.42939 2 8 3
10.2579 1.47132 1.47132 2 8 3
10.2328 1.51459 1.51459 2 8 3
10.2099 1.55904 1.55904 2 8 3
10.1891 1.60447 1.60447 2 8 3
10.1702 1.65074 1.65074 2 8 3
10.153 1.69769 1.69769 2 8 3
10.1374 1.74521 1.74521 2 8 3
10.1234 1.79318 1.79318 2 8 3
10.1106 1.84153 1.84153 2 8 3
10.0991 1.89018 1.89018 2 8 3
10.0876 1.93881 1.93881 2 8 3
10.0782 1.98798 1.98798 2 8 3
10.0697 2.03727 2.03727 2 8 3
10.0619 2.0867 2.0867 2 8 3
10.0549 2.1362 2.1362 2 8 3
10.0484 2.18581 2.18581 2 8 3
10.0425 2.23546 2.23546 2 8 3
10.0371 2.28519 2.28519 2 8 3
10.0321 2.33496 2.33496 2 8 3
10.0276 2.38475 2.38475 2 8 3
10.0234 2.43458 2.43458 2 8 3
10.0195 2.48443 2.48443 2 8 3
10.0159 2.53431 2.53431 2 8 3
10.0126 2.5842 2.5842 2 8 3
10.0095 2.63411 2.63411 2 8 3
10.0067 2.68403 2.68403 2 8 3
10.004 2.73396 2.73396 2 8 3
10.0016 2.7839 2.7839 2 8 3
9.99929 2.83385 2.83385 2 8 3
9.99716 2.88381 2.88381 2 8 3
9.99517 2.93377 2.93377 2 8 3
9.99331 2.98373 2.98373 2 8 3
9.99157 3.0337 3.0337 2 8 3
9.98994 3.08368 3.08368 2 8 3
9.98841 3.13366 3.13366 2 8 3
9.98697 3.18364 3.18364 2 8 3
9.98563 3.23362 3.23362 2 8 3
9.98436 3.2836 3.2836 2 8 3
9.98317 3.33359 3.33359 2 8 3
9.98205 3.38358 3.38358 2 8 3
9.98099 3.43356 3.43356 2 8 3
9.97999 3.48355 3.48355 2 8 3
9.97905 3.53355 3.53355 2 8 3
9.97816 3.58354 3.58354 2 8 3
9.97731 3.63353 3.63353 2 8 3
9.97651 3.68352 3.68352 2 8 3
9.97576 3.73352 3.73352 2 8 3
9.97504 3.78351 3.78351 2 8 3
9.97436 3.83351 3.83351 2 8 3
9.97372 3.8835 3.8835 2 8 3
9.9731 3.9335 3.9335 2 8 3
9.97252 3.9835 3.9835 2 8 3
9.97197 4.03349 4.03349 2 8 3
9.97144 4.08349 4.08349 2 8 3
9.97094 4.13349 4.13349 2 8 3
9.97046 4.18349 4.18349 2 8 3
9.97 4.23349 4.23349 2 8 3
9.96957 4.28348 4.28348 2 8 3
9.96915 4.33348 4.33348 2 8 3
9.96876 4.38348 4.38348 2 8 3
9.96838 4.43348 4.43348 2 8 3
9.96801 4.48348 4.48348 2 8 3
9.96767 4.53348 4.53348 2 8 3
9.96734 4.58347 4.58347 2 8 3
9.96702 4.63347 4.63347 2 8 3
9.96672 4.68347 4.68347 2 8 3
9.96642 4.73347 4.73347 2 8 3
9.96614 4.78347 4.78347 2 8 3
9.96588 4.83347 4.83347 2 8 3
9.96562 4.88347 4.88347 2 8 3
9.96537 4.93347 4.93347 2 8 3
9.96514 4.98347 4.98347 2 8 3
9.96491 5.03347 5.03347 2 8 3
9.96469 5.08347 5.08347 2 8 3
9.96448 5.13347 5.13347 2 8 3
9.96428 5.18347 5.18347 2 8 3
9.96408 5.23347 5.23347 2 8 3
9.96389 5.28347 5.28347 2 8 3
9.96371 5.33347 5.33347 2 8 3
9.96354 5.38347 5.38347 2 8 3
9.96337 5.43347 5.43347 2 8 3
9.96321 5.48347 5.48347 2 8 3
9.96306 5.53347 5.53347 2 8 3
9.96291 5.58346 5.58346 2 8 3
9.96276 5.63346 5.63346 2 8 3
9.96262 5.68346 5.68346 2 8 3
9.96249 5.73346 5.73346 2 8 3
9.96236 5.78346 5.78346 2 8 3
9.96223 5.83346 5.83346 2 8 3
9.96211 5.88346 5.88346 2 8 3
9.96199 5.93346 5.93346 2 8 3
9.96188 5.98346 5.98346 2 8 3
9.96177 6.03346 6.03346 2 8 3
9.96166 6.08346 6.08346 2 8 3
9.96156 6.13346 6.13346 2 8 3
9.96146 6.18346 6.18346 2 8 3
9.96136 6.23346 6.23346 2 8 3
9.96127 6.28346 6.28346 2 8 3
9.96118 6.33346 6.33346 2 8 3
9.96109 6.38346 6.38346 2 8 3
9.961 6.43346 6.43346 2 8 3
9.96092 6.48346 6.48346 2 8 3
9.96084 6.53346 6.53346 2 8 3
9.96076 6.58346 6.58346 2 8 3
9.96069 6.63346 6.63346 2 8 3
9.96062 6.68346 6.68346 2 8 3
9.96055 6.73346 6.73346 2 8 3
9.96048 6.78346 6.78346 2 8 3
9.96041 6.83346 6.83346 2 8 3
9.96035 6.88346 6.88346 2 8 3
9.96028 6.93346 6.93346 2 8 3
9.96022 6.98346 6.98346 2 8 3
9.96016 7.03346 7.03346 2 8 3
9.9601 7.08346 7.08346 2 8 3
9.96005 7.13346 7.13346 2 8 3
9.95999 7.18346 7.18346 2 8 3
9.95994 7.23346 7.23346 2 8 3
9.95989 7.28346 7.28346 2 8 3
9.95984 7.33346 7.33346 2 8 3
9.95979 7.38346 7.38346 2 8 3
9.95974 7.43346 7.43346 2 8 3
9.9597 7.48346 7.48346 2 8 3
9.95965 7.53346 7.53346 2 8 3
9.95961 7.58346 7.58346 2 8 3
9.95956 7.63346 7.63346 2 8 3
9.95952 7.68346 7.68346 2 8 3
9.95948 7.73346 7.73346 2 8 3
9.95944 7.78346 7.78346 2 8 3
9.9594 7.83347 7.83347 2 8 3
9.95937 7.88346 7.88346 2 8 3
9.95933 7.93346 7.93346 2 8 3
9.95929 7.98346 7.98346 2 8 3
9.95926 8.03346 8.03346 2 8 3
9.95922 8.08346 8.08346 2 8 3
9.95919 8.13346 8.13346 2 8 3
9.95916 8.18346 8.18346 2 8 3
9.95913 8.23346 8.23346 2 8 3
9.9591 8.28346 8.28346 2 8 3
9.95907 8.33346 8.33346 2 8 3
9.95904 8.38346 8.38346 2 8 3
9.95901 8.43346 8.43346 2 8 3
9.95898 8.48346 8.48346 2 8 3
9.95895 8.53346 8.53346 2 8 3
9.95893 8.58346 8.58346 2 8 3
9.9589 8.63346 8.63346 2 8 3
9.95887 8.68346 8.68346 2 8 3
9.95885 8.73346 8.73346 2 8 3
9.95883 8.78346 8.78346 2 8 3
9.9588 8.83346 8.83346 2 8 3
9.95878 8.88346 8.88346 2 8 3
9.95876 8.93346 8.93346 2 8 3
9.95873 8.98346 8.98346 2 8 3
9.95871 9.03346 9.03346 2 8 3
9.95869 9.08346 9.08346 2 8 3
9.95867 9.13346 9.13346 2 8 3
9.95865 9.18346 9.18346 2 8 3
9.95863 9.23346 9.23346 2 8 3
9.95861 9.28346 9.28346 2 8 3
9.95859 9.33346 9.33346 2 8 3
9.95857 9.38346 9.38346 2 8 3
9.95855 9.43346 9.43346 2 8 3
9.95854 9.48346 9.48346 2 8 3
9.95852 9.53346 9.53346 2 8 3
9.9585 9.58346 9.58346 2 8 3
9.95848 9.63346 9.63346 2 8 3
9.95847 9.68346 9.68346 2 8 3
9.95845 9.73346 9.73346 2 8 3
9.95844 9.78346 9.78346 2 8 3
9.95842 9.83346 9.83346 2 8 3
9.9584 9.88346 9.88346 2 8 3
9.95839 9.93346 9.93346 2 8 3
9.95838 9.98346 9.98346 2 8 3
9.95836 10.0335 10.0335 2 8 3
9.95835 10.0835 10.0835 2 8 3
9.95833 10.1335 10.1335 2 8 3
9.95832 10.1835 10.1835 2 8 3
9.95831 10.2335 10.2335 2 8 3
9.95829 10.2835 10.2835 2 8 3
9.95828 10.3335 10.3335 2 8 3
9.95827 10.3835 10.3835 2 8 3
9.95826 10.4335 10.4335 2 8 3
9.95824 10.4835 10.4835 2 8 3
9.95823 10.5335 10.5335 2 8 3
9.95822 10.5835 10.5835 2 8 3
9.95821 10.6335 10.6335 2 8 3
9.9582 10.6835 10.6835 2 8 3
9.95819 10.7335 10.7335 2 8 3
9.95818 10.7835 10.7835 2 8 3
9.95817 10.8335 10.8335 2 8 3
9.95816 10.8835 10.8835 2 8 3
9.95815 10.9335 10.9335 2 8 3
9.95814 10.9835 10.9835 2 8 3
9.95813 11.0335 11.0335 2 8 3
9.95812 11.0835 11.0835 2 8 3
9.95811 11.1335 11.1335 2 8 3
9.9581 11.1835 11.1835 2 8 3
9.95809 11.2335 11.2335 2 8 3
9.95808 11.2835 11.2835 2 8 3
9.95807 11.3335 11.3335 2 8 3
9.95806 11.3835 11.3835 2 8 3
9.95805 11.4335 11.4335 2 8 3
9.95805 11.4835 11.4835 2 8 3
9.95804 11.5335 11.5335 2 8 3
9.95803 11.5835 11.5835 2 8 3
9.95802 11.6335 11.6335 2 8 3
9.95801 11.6835 11.6835 2 8 3
9.95801 11.7335 11.7335 2 8 3
9.958 11.7835 11.7835 2 8 3
9.95799 11.8335 11.8335 2 8 3
9.95798 11.8835 11.8835 2 8 3
9.95798 11.9335 11.9335 2 8 3
9.95797 11.9835 11.9835 2 8 3
9.95796 12.0335 12.0335 2 8 3
9.95796 12.0835 12.0835 2 8 3
9.95795 12.1335 12.1335 2 8 3
9.95794 12.1835 12.1835 2 8 3
9.95794 12.2335 12.2335 2 8 3
9.95793 12.2835 12.2835 2 8 3
9.95792 12.3335 12.3335 2 8 3
9.95792 12.3835 12.3835 2 8 3
9.95791 12.4335 12.4335 2 8 3
9.95791 12.4835 12.4835 2 8 3
9.9579 12.5335 12.5335 2 8 3
9.95789 12.5835 12.5835 2 8 3
9.95789 12.6335 12.6335 2 8 3
9.95788 12.6835 12.6835 2 8 3
9.95788 12.7335 12.7335 2 8 3
9.95787 12.7835 12.7835 2 8 3
9.95787 12.8335 12.8335 2 8 3
9.95786 12.8835 12.8835 2 8 3
9.95786 12.9335 12.9335 2 8 3
9.95785 12.9835 12.9835 2 8 3
9.95785 13.0335 13.0335 2 8 3
9.95784 13.0835 13.0835 2 8 3
9.95784 13.1335 13.1335 2 8 3
9.95783 13.1835 13.1835 2 8 3
9.95783 13.2335 13.2335 2 8 3
9.95782 13.2835 13.2835 2 8 3
9.95782 13.3335 13.3335 2 8 3
9.95781 13.3835 13.3835 2 8 3
9.95781 13.4335 13.4335 2 8 3
9.9578 13.4835 13.4835 2 8 3
9.9578 13.5335 13.5335 2 8 3
9.9578 13.5835 13.5835 2 8 3
9.95779 13.6335 13.6335 2 8 3
9.95779 13.6835 13.6835 2 8 3
9.95778 13.7335 13.7335 2 8 3
9.95778 13.7835 13.7835 2 8 3
9.95778 13.8335 13.8335 2 8 3
9.95777 13.8835 13.8835 2 8 3
9.95777 13.9335 13.9335 2 8 3
9.95776 13.9835 13.9835 2 8 3
9.95776 14.0335 14.0335 2 8 3
9.95776 14.0835 14.0835 2 8 3
9.95775 14.1335 14.1335 2 8 3
9.95775 14.1835 14.1835 2 8 3
9.95775 14.2335 14.2335 2 8 3
9.95774 14.2835 14.2835 2 8 3
9.95774 14.3335 14.3335 2 8 3
9.95774 14.3835 14.3835 2 8 3
9.95773 14.4335 14.4335 2 8 3
9.95773 14.4835 14.4835 2 8 3
9.95773 14.5335 14.5335 2 8 3
9.95772 14.5835 14.5835 2 8 3
9.95772 14.6335 14.6335 2 8 3
9.95772 14.6835 14.6835 2 8 3
9.95771 14.7335 14.7335 2 8 3
9.95771 14.7835 14.7835 2 8 3
9.95771 14.8335 14.8335 2 8 3
9.9577 14.8835 14.8835 2 8 3
9.9577 14.9335 14.9335 2 8 3
9.9577 14.9835 14.9835 2 8 3
9.9577 15.0335 15.0335 2 8 3
9.95769 15.0835 15.0835 2 8 3
9.95769 15.1335 15.1335 2 8 3
9.95769 15.1835 15.1835 2 8 3
9.95768 15.2335 15.2335 2 8 3
9.95768 15.2835 15.2835 2 8 3
9.95768 15.3335 15.3335 2 8 3
9.95768 15.3835 15.3835 2 8 3
9.95767 15.4335 15.4335 2 8 3
9.95767 15.4835 15.4835 2 8 3
9.95767 15.5335 15.5335 2 8 3
9.95767 15.5835 15.5835 2 8 3
9.95766 15.6335 15.6335 2 8 3
9.95766 15.6835 15.6835 2 8 3
9.95766 15.7335 15.7335 2 8 3
9.95766 15.7835 15.7835 2 8 3
9.95765 15.8335 15.8335 2 8 3
9.95765 15.8835 15.8835 2 8 3
9.95765 15.9335 15.9335 2 8 3
9.95765 15.9835 15.9835 2 8 3
9.95765 16.0335 16.0335 2 8 3
9.95764 16.0835 16.0835 2 8 3
9.95764 16.1335 16.1335 2 8 3
9.95764 16.1835 16.1835 2 8 3
9.95764 16.2335 16.2335 2 8 3
9.95764 16.2835 16.2835 2 8 3
9.95763 16.3335 16.3335 2 8 3
9.95763 16.3835 16.3835 2 8 3
9.95763 16.4335 16.4335 2 8 3
9.95763 16.4835 16.4835 2 8 3
9.95763 16.5335 16.5335 2 8 3
9.95762 16.5835 16.5835 2 8 3
9.95762 16.6335 16.6335 2 8 3
9.95762 16.6835 16.6835 2 8 3
9.95762 16.7335 16.7335 2 8 3
9.95762 16.7835 16.7835 2 8 3
9.95761 16.8335 16.8335 2 8 3
9.95761 16.8835 16.8835 2 8 3
9.95761 16.9335 16.9335 2 8 3
9.95761 16.9835 16.9835 2 8 3
9.95761 17.0335 17.0335 2 8 3
9.95761 17.0835 17.0835 2 8 3
9.9576 17.1335 17.1335 2 8 3
9.9576 17.1835 17.1835 2 8 3
9.9576 17.2335 17.2335 2 8 3
9.9576 17.2835 17.2835 2 8 3
9.9576 17.3335 17.3335 2 8 3
9.9576 17.3835 17.3835 2 8 3
9.95759 17.4335 17.4335 2 8 3
9.95759 17.4835 17.4835 2 8 3
9.95759 17.5335 17.5335 2 8 3
9.95759 17.5835 17.5835 2 8 3
9.95759 17.6335 17.6335 2 8 3
9.95759 17.6835 17.6835 2 8 3
9.95759 17.7335 17.7335 2 8 3
9.95758 17.7835 17.7835 2 8 3
9.95758 17.8335 17.8335 2 8 3
9.95758 17.8835 17.8835 2 8 3
9.95758 17.9335 17.9335 2 8 3
9.95758 17.9835 17.9835 2 8 3
9.95758 18.0335 18.0335 2 8 3
9.95758 18.0835 18.0835 2 8 3
9.95757 18.1335 18.1335 2 8 3
9.95757 18.1835 18.1835 2 8 3
9.95757 18.2335 18.2335 2 8 3
9.95757 18.2835 18.2835 2 8 3
9.95757 18.3335 18.3335 2 8 3
9.95757 18.3835 18.3835 2 8 3
9.95757 18.4335 18.4335 2 8 3
9.95757 18.4835 18.4835 2 8 3
9.95756 18.5335 18.5335 2 8 3
9.95756 18.5835 18.5835 2 8 3
9.95756 18.6335 18.6335 2 8 3
9.95756 18.6835 18.6835 2 8 3
9.95756 18.7335 18.7335 2 8 3
9.95756 18.7835 18.7835 2 8 3
9.95756 18.8335 18.8335 2 8 3
9.95756 18.8835 18.8835 2 8 3
9.95755 18.9335 18.9335 2 8 3
9.95755 18.9835 18.9835 2 8 3
9.95755 19.0335 19.0335 2 8 3
9.95755 19.0835 19.0835 2 8 3
9.95755 19.1335 19.1335 2 8 3
9.95755 19.1835 19.1835 2 8 3
9.95755 19.2335 19.2335 2 8 3
9.95755 19.2835 19.2835 2 8 3
9.95755 19.3335 19.3335 2 8 3
9.95755 19.3835 19.3835 2 8 3
9.95754 19.4335 19.4335 2 8 3
9.95754 19.4835 19.4835 2 8 3
9.95754 19.5335 19.5335 2 8 3
9.95754 19.5835 19.5835 2 8 3
9.95754 19.6335 19.6335 2 8 3
9.95754 19.6835 19.6835 2 8 3
9.95754 19.7335 19.7335 2 8 3
9.95754 19.7835 19.7835 2 8 3
9.95754 19.8335 19.8335 2 8 3
9.95754 19.8835 19.8835 2 8 3
9.95753 19.9335 19.9335 2 8 3
9.95753 19.9835 19.9835 2 8 3
9.95753 20.0335 20.0335 2 8 3
9.95753 20.0835 20.0835 2 8 3
9.95753 20.1335 20.1335 2 8 3
9.95753 20.1835 20.1835 2 8 3
9.95753 20.2335 20.2335 2 8 3
9.95753 20.2835 20.2835 2 8 3
9.95753 20.3335 20.3335 2 8 3
9.95753 20.3835 20.3835 2 8 3
9.95753 20.4335 20.4335 2 8 3
9.95753 20.4835 20.4835 2 8 3
9.95752 20.5335 20.5335 2 8 3
9.95752 20.5835 20.5835 2 8 3
9.95752 20.6335 20.6335 2 8 3
9.95752 20.6835 20.6835 2 8 3
9.95752 20.7335 20.7335 2 8 3
9.95752 20.7835 20.7835 2 8 3
9.95752 20.8335 20.8335 2 8 3
9.95752 20.8835 20.8835 2 8 3
9.95752 20.9335 20.9335 2 8 3
9.95752 20.9835 20.9835 2 8 3
9.95752 21.0335 21.0335 2 8 3
9.95752 21.0835 21.0835 2 8 3
9.95752 21.1335 21.1335 2 8 3
9.95751 21.1835 21.1835 2 8 3
9.95751 21.2335 21.2335 2 8 3
9.95751 21.2835 21.2835 2 8 3
9.95751 21.3335 21.3335 2 8 3
9.95751 21.3835 21.3835 2 8 3
9.95751 21.4335 21.4335 2 8 3
9.95751 21.4835 21.4835 2 8 3
9.95751 21.5335 21.5335 2 8 3
9.95751 21.5835 21.5835 2 8 3
9.95751 21.6335 21.6335 2 8 3
9.95751 21.6835 21.6835 2 8 3
9.95751 21.7335 21.7335 2 8 3
9.95751 21.7835 21.7835 2 8 3
9.95751 21.8335 21.8335 2 8 3
9.9575 21.8835 21.8835 2 8 3
9.9575 21.9335 21.9335 2 8 3
9.9575 21.9835 21.9835 2 8 3
9.9575 22.0335 22.0335 2 8 3
9.9575 22.0835 22.0835 2 8 3
9.9575 22.1335 22.1335 2 8 3
9.9575 22.1835 22.1835 2 8 3
9.9575 22.2335 22.2335 2 8 3
9.9575 22.2835 22.2835 2 8 3
9.9575 22.3335 22.3335 2 8 3
9.9575 22.3835 22.3835 2 8 3
9.9575 22.4335 22.4335 2 8 3
9.9575 22.4835 22.4835 2 8 3
9.9575 22.5335 22.5335 2 8 3
9.9575 22.5835 22.5835 2 8 3
9.9575 22.6335 22.6335 2 8 3
9.9575 22.6835 22.6835 2 8 3
9.9575 22.7335 22.7335 2 8 3
9.95749 22.7835 22.7835 2 8 3
9.95749 22.8335 22.8335 2 8 3
9.95749 22.8835 22.8835 2 8 3
9.95749 22.9335 22.9335 2 8 3
9.95749 22.9835 22.9835 2 8 3
9.95749 23.0335 23.0335 2 8 3
9.95749 23.0835 23.0835 2 8 3
9.95749 23.1335 23.1335 2 8 3
9.95749 23.1835 23.1835 2 8 3
9.95749 23.2335 23.2335 2 8 3
9.95749 23.2835 23.2835 2 8 3
9.95749 23.3335 23.3335 2 8 3
9.95749 23.3835 23.3835 2 8 3
9.95749 23.4335 23.4335 2 8 3
9.95749 23.4835 23.4835 2 8 3
9.95749 23.5335 23.5335 2 8 3
9.95749 23.5835 23.5835 2 8 3
9.95749 23.6335 23.6335 2 8 3
9.95749 23.6835 23.6835 2 8 3
9.95749 23.7335 23.7335 2 8 3
9.95748 23.7835 23.7835 2 8 3
9.95748 23.8335 23.8335 2 8 3
9.95748 23.8835 23.8835 2 8 3
9.95748 23.9335 23.9335 2 8 3
9.95748 23.9835 23.9835 2 8 3
9.95748 24.0335 24.0335 2 8 3
9.95748 24.0835 24.0835 2 8 3
9.95748 24.1335 24.1335 2 8 3
9.95748 24.1835 24.1835 2 8 3
9.95748 24.2335 24.2335 2 8 3
9.95748 24.2835 24.2835 2 8 3
9.95748 24.3335 24.3335 2 8 3
9.95748 24.3835 24.3835 2 8 3
9.95748 24.4335 24.4335 2 8 3
9.95748 24.4835 24.4835 2 8 3
9.95748 24.5335 24.5335 2 8 3
9.95748 24.5835 24.5835 2 8 3
9.95748 24.6335 24.6335 2 8 3
9.95748 24.6835 24.6835 2 8 3
9.95748 24.7335 24.7335 2 8 3
9.95748 24.7835 24.7835 2 8 3
9.95748 24.8335 24.8335 2 8 3
9.95748 24.8835 24.8835 2 8 3
9.95748 24.9335 24.9335 2 8 3
9.95748 24.9835 24.9835 2 8 3
9.95747 25.0335 25.0335 2 8 3
9.95747 25.0835 25.0835 2 8 3
9.95747 25.1335 25.1335 2 8 3
9.95747 25.1835 25.1835 2 8 3
9.95747 25.2335 25.2335 2 8 3
9.95747 25.2835 25.2835 2 8 3
9.95747 25.3335 25.3335 2 8 3
9.95747 25.3835 25.3835 2 8 3
9.95747 25.4335 25.4335 2 8 3
9.95747 25.4835 25.4835 2 8 3
9.95747 25.5335 25.5335 2 8 3
9.95747 25.5835 25.5835 2 8 3
9.95747 25.6335 25.6335 2 8 3
9.95747 25.6835 25.6835 2 8 3
9.95747 25.7335 25.7335 2 8 3
9.95747 25.7835 25.7835 2 8 3
9.95747 25.8335 25.8335 2 8 3
9.95747 25.8835 25.8835 2 8 3
9.95747 25.9335 25.9335 2 8 3
9.95747 25.9835 25.9835 2 8 3
9.95747 26.0335 26.0335 2 8 3
9.95747 26.0835 26.0835 2 8 3
9.95747 26.1335 26.1335 2 8 3
9.95747 26.1835 26.1835 2 8 3
9.95747 26.2335 26.2335 2 8 3
9.95747 26.2835 26.2835 2 8 3
9.95747 26.3335 26.3335 2 8 3
9.95747 26.3835 26.3835 2 8 3
9.95747 26.4335 26.4335 2 8 3
9.95747 26.4835 26.4835 2 8 3
9.95746 26.5335 26.5335 2 8 3
9.95746 26.5835 26.5835 2 8 3
9.95746 26.6335 26.6335 2 8 3
9.95746 26.6835 26.6835 2 8 3
9.95746 26.7335 26.7335 2 8 3
9.95746 26.7835 26.7835 2 8 3
9.95746 26.8335 26.8335 2 8 3
9.95746 26.8835 26.8835 2 8 3
9.95746 26.9335 26.9335 2 8 3
9.95746 26.9835 26.9835 2 8 3
9.95746 27.0335 27.0335 2 8 3
9.95746 27.0835 27.0835 2 8 3
9.95746 27.1335 27.1335 2 8 3
9.95746 27.1835 27.1835 2 8 3
9.95746 27.2335 27.2335 2 8 3
9.95746 27.2835 27.2835 2 8 3
9.95746 27.3335 27.3335 2 8 3
9.95746 27.3835 27.3835 2 8 3
9.95746 27.4335 27.4335 2 8 3
9.95746 27.4835 27.4835 2 8 3
9.95746 27.5335 27.5335 2 8 3
9.95746 27.5835 27.5835 2 8 3
9.95746 27.6335 27.6335 2 8 3
9.95746 27.6835 27.6835 2 8 3
9.95746 27.7335 27.7335 2 8 3
9.95746 27.7835 27.7835 2 8 3
9.95746 27.8335 27.8335 2 8 3
9.95746 27.8835 27.8835 2 8 3
9.95746 27.9335 27.9335 2 8 3
9.95746 27.9835 27.9835 2 8 3
9.95746 28.0335 28.0335 2 8 3
9.95746 28.0835 28.0835 2 8 3
9.95746 28.1335 28.1335 2 8 3
9.95746 28.1835 28.1835 2 8 3
9.95746 28.2335 28.2335 2 8 3
9.95746 28.2835 28.2835 2 8 3
9.95746 28.3335 28.3335 2 8 3
9.95746 28.3835 28.3835 2 8 3
9.95746 28.4335 28.4335 2 8 3
9.95746 28.4835 28.4835 2 8 3
9.95745 28.5335 28.5335 2 8 3
9.95745 28.5835 28.5835 2 8 3
9.95745 28.6335 28.6335 2 8 3
9.95745 28.6835 28.6835 2 8 3
9.95745 28.7335 28.7335 2 8 3
9.95745 28.7835 28.7835 2 8 3
9.95745 28.8335 28.8335 2 8 3
9.95745 28.8835 28.8835 2 8 3
9.95745 28.9335 28.9335 2 8 3
9.95745 28.9835 28.9835 2 8 3
9.95745 29.0335 29.0335 2 8 3
9.95745 29.0835 29.0835 2 8 3
9.95745 29.1335 29.1335 2 8 3
9.95745 29.1835 29.1835 2 8 3
9.95745 29.2335 29.2335 2 8 3
9.95745 29.2835 29.2835 2 8 3
9.95745 29.3335 29.3335 2 8 3
9.95745 29.3835 29.3835 2 8 3
9.95745 29.4335 29.4335 2 8 3
9.95745 29.4835 29.4835 2 8 3
9.95745 29.5335 29.5335 2 8 3
9.95745 29.5835 29.5835 2 8 3
9.95745 29.6335 29.6335 2 8 3
9.95745 29.6835 29.6835 2 8 3
9.95745 29.7335 29.7335 2 8 3
9.95745 29.7835 29.7835 2 8 3
9.95745 29.8335 29.8335 2 8 3
9.95745 29.8835 29.8835 2 8 3
9.95745 29.9335 29.9335 2 8 3
9.95745 29.9835 29.9835 2 8 3
9.95745 30.0335 30.0335 2 8 3
9.95745 30.0835 30.0835 2 8 3
9.95745 30.1335 30.1335 2 8 3
9.95745 30.1835 30.1835 2 8 3
9.95745 30.2335 30.2335 2 8 3
9.95745 30.2835 30.2835 2 8 3
9.95745 30.3335 30.3335 2 8 3
9.95745 30.3835 30.3835 2 8 3
9.95745 30.4335 30.4335 2 8 3
9.95745 30.4835 30.4835 2 8 3
9.95745 30.5335 30.5335 2 8 3
9.95745 30.5835 30.5835 2 8 3
9.95745 30.6335 30.6335 2 8 3
9.95745 30.6835 30.6835 2 8 3
9.95745 30.7335 30.7335 2 8 3
9.95745 30.7835 30.7835 2 8 3
9.95745 30.8335 30.8335 2 8 3
9.95745 30.8835 30.8835 2 8 3
9.95745 30.9335 30.9335 2 8 3
9.95745 30.9835 30.9835 2 8 3
9.95745 31.0335 31.0335 2 8 3
9.95745 31.0835 31.0835 2 8 3
9.95745 31.1335 31.1335 2 8 3
9.95745 31.1835 31.1835 2 8 3
9.95745 31.2335 31.2335 2 8 3
9.95744 31.2835 31.2835 2 8 3
9.95744 31.3335 31.3335 2 8 3
9.95744 31.3835 31.3835 2 8 3
9.95744 31.4335 31.4335 2 8 3
9.95744 31.4835 31.4835 2 8 3
9.95744 31.5335 31.5335 2 8 3
9.95744 31.5835 31.5835 2 8 3
9.95744 31.6335 31.6335 2 8 3
9.95744 31.6835 31.6835 2 8 3
9.95744 31.7335 31.7335 2 8 3
9.95744 31.7835 31.7835 2 8 3
9.95744 31.8335 31.8335 2 8 3
9.95744 31.8835 31.8835 2 8 3
9.95744 31.9335 31.9335 2 8 3
9.95744 31.9835 31.9835 2 8 3
9.95744 32.0335 32.0335 2 8 3
10.398 0.6 0.6 2 24 5
10.4347 0.58419 0.58419 2 24 5
10.4627 0.573216 0.573216 2 24 5
10.505 0.558034 0.558034 2 24 5
10.5526 0.542753 0.542753 2 24 5
10.6007 0.528893 0.528893 2 24 5
10.6491 0.516262 0.516262 2 24 5
10.6977 0.504695 0.504695 2 24 5
10.7465 0.494055 0.494055 2 24 5
10.7956 0.484226 0.484226 2 24 5
10.8447 0.475109 0.475109 2 24 5
10.894 0.46663 0.46663 2 24 5
10.9434 0.458694 0.458694 2 24 5
10.9928 0.451282 0.451282 2 24 5
11.0423 0.444317 0.444317 2 24 5
11.0919 0.437752 0.437752 2 24 5
11.1415 0.43155 0.43155 2 24 5
11.1912 0.425679 0.425679 2 24 5
11.2408 0.420111 0.420111 2 24 5
11.2906 0.414821 0.414821 2 24 5
11.3403 0.409787 0.409787 2 24 5
11.3901 0.404986 0.404986 2 24 5
11.4399 0.400402 0.400402 2 24 5
11.4897 0.396015 0.396015 2 24 5
11.5395 0.391813 0.391813 2 24 5
11.5893 0.387783 0.387783 2 24 5
11.6392 0.383912 0.383912 2 24 5
11.689 0.380043 0.380043 2 24 5
11.7389 0.376471 0.376471 2 24 5
11.7888 0.373029 0.373029 2 24 5
11.8387 0.369709 0.369709 2 24 5
11.8886 0.366503 0.366503 2 24 5
11.9385 0.363405 0.363405 2 24 5
11.9884 0.360409 0.360409 2 24 5
12.0383 0.357509 0.357509 2 24 5
12.0882 0.354699 0.354699 2 24 5
12.1382 0.351976 0.351976 2 24 5
12.1881 0.349334 0.349334 2 24 5
12.238 0.346769 0.346769 2 24 5
12.288 0.344277 0.344277 2 24 5
12.3379 0.341856 0.341856 2 24 5
12.3878 0.339501 0.339501 2 24 5
12.4378 0.337209 0.337209 2 24 5
12.4877 0.334978 0.334978 2 24 5
12.5377 0.332805 0.332805 2 24 5
12.5877 0.330686 0.330686 2 24 5
12.6376 0.328621 0.328621 2 24 5
12.6876 0.326606 0.326606 2 24 5
12.7375 0.32464 0.32464 2 24 5
12.7875 0.32272 0.32272 2 24 5
12.8375 0.320844 0.320844 2 24 5
12.8874 0.319011 0.319011 2 24 5
12.9374 0.31722 0.31722 2 24 5
12.9874 0.315468 0.315468 2 24 5
13.0373 0.313754 0.313754 2 24 5
13.0873 0.312076 0.312076 2 24 5
13.1373 0.310434 0.310434 2 24 5
13.1873 0.308826 0.308826 2 24 5
13.2372 0.30725 0.30725 2 24 5
13.2872 0.305706 0.305706 2 24 5
13.3372 0.304193 0.304193 2 24 5
13.3872 0.302709 0.302709 2 24 5
13.4371 0.301254 0.301254 2 24 5
13.4871 0.299826 0.299826 2 24 5
13.5371 0.298425 0.298425 2 24 5
13.5871 0.29705 0.29705 2 24 5
13.6371 0.295699 0.295699 2 24 5
13.687 0.294373 0.294373 2 24 5
13.737 0.29307 0.29307 2 24 5
13.787 0.29179 0.29179 2 24 5
13.837 0.290533 0.290533 2 24 5
13.887 0.289296 0.289296 2 24 5
13.937 0.28808 0.28808 2 24 5
13.987 0.286885 0.286885 2 24 5
14.0369 0.285709 0.285709 2 24 5
14.0869 0.284552 0.284552 2 24 5
14.1369 0.283414 0.283414 2 24 5
14.1869 0.282293 0.282293 2 24 5
14.2369 0.28119 0.28119 2 24 5
14.2869 0.280105 0.280105 2 24 5
14.3369 0.279036 0.279036 2 24 5
14.3869 0.277983 0.277983 2 24 5
14.4368 0.276947 0.276947 2 24 5
14.4868 0.275926 0.275926 2 24 5
14.5368 0.274924 0.274924 2 24 5
14.5868 0.27397 0.27397 2 24 5
14.6368 0.272942 0.272942 2 24 5
14.6868 0.271964 0.271964 2 24 5
14.7368 0.271005 0.271005 2 24 5
14.7868 0.270069 0.270069 2 24 5
14.8368 0.26915 0.26915 2 24 5
14.8868 0.268244 0.268244 2 24 5
14.9367 0.267349 0.267349 2 24 5
14.9867 0.266466 0.266466 2 24 5
15.0367 0.265597 0.265597 2 24 5
15.0867 0.264648 0.264648 2 24 5
15.1367 0.263815 0.263815 2 24 5
15.1867 0.263003 0.263003 2 24 5
15.2367 0.262192 0.262192 2 24 5
15.2867 0.26139 0.26139 2 24 5
15.3367 0.260553 0.260553 2 24 5
15.3867 0.259748 0.259748 2 24 5
15.4367 0.258954 0.258954 2 24 5
15.4867 0.25817 0.25817 2 24 5
15.5367 0.257398 0.257398 2 24 5
15.5867 0.256635 0.256635 2 24 5
15.6367 0.255882 0.255882 2 24 5
15.6866 0.255137 0.255137 2 24 5
15.7366 0.254401 0.254401 2 24 5
15.7866 0.253673 0.253673 2 24 5
15.8366 0.252954 0.252954 2 24 5
15.8866 0.252247 0.252247 2 24 5
15.9366 0.251491 0.251491 2 24 5
15.9866 0.250805 0.250805 2 24 5
16.0366 0.250133 0.250133 2 24 5
16.0866 0.249465 0.249465 2 24 5
16.1366 0.2488 0.2488 2 24 5
16.1866 0.248107 0.248107 2 24 5
16.2366 0.247449 0.247449 2 24 5
16.2866 0.246801 0.246801 2 24 5
16.3366 0.24616 0.24616 2 24 5
16.3866 0.245524 0.245524 2 24 5
16.4366 0.244895 0.244895 2 24 5
16.4866 0.244292 0.244292 2 24 5
16.5366 0.243648 0.243648 2 24 5
16.5866 0.243058 0.243058 2 24 5
16.6366 0.242422 0.242422 2 24 5
16.6866 0.241812 0.241812 2 24 5
16.7366 0.241211 0.241211 2 24 5
16.7866 0.240623 0.240623 2 24 5
16.8366 0.240043 0.240043 2 24 5
16.8865 0.239468 0.239468 2 24 5
16.9365 0.238898 0.238898 2 24 5
16.9865 0.238334 0.238334 2 24 5
17.0365 0.237785 0.237785 2 24 5
17.0865 0.237211 0.237211 2 24 5
17.1365 0.236655 0.236655 2 24 5
17.1865 0.236106 0.236106 2 24 5
17.2365 0.235564 0.235564 2 24 5
17.2865 0.235029 0.235029 2 24 5
17.3365 0.234499 0.234499 2 24 5
17.3865 0.233974 0.233974 2 24 5
17.4365 0.233453 0.233453 2 24 5
17.4865 0.232936 0.232936 2 24 5
17.5365 0.232428 0.232428 2 24 5
17.5865 0.231904 0.231904 2 24 5
17.6365 0.231399 0.231399 2 24 5
17.6865 0.230901 0.230901 2 24 5
17.7365 0.230408 0.230408 2 24 5
17.7865 0.229919 0.229919 2 24 5
17.8365 0.229434 0.229434 2 24 5
17.8865 0.228954 0.228954 2 24 5
17.9365 0.228548 0.228548 2 24 5
17.9865 0.228029 0.228029 2 24 5
18.0365 0.227517 0.227517 2 24 5
18.0865 0.227032 0.227032 2 24 5
18.1365 0.22657 0.22657 2 24 5
18.1865 0.226121 0.226121 2 24 5
18.2365 0.225675 0.225675 2 24 5
18.2865 0.225229 0.225229 2 24 5
18.3365 0.224753 0.224753 2 24 5
18.3865 0.224317 0.224317 2 24 5
18.4365 0.223885 0.223885 2 24 5
18.4865 0.223454 0.223454 2 24 5
18.5365 0.223051 0.223051 2 24 5
18.5865 0.222599 0.222599 2 24 5
18.6365 0.222151 0.222151 2 24 5
18.6865 0.221719 0.221719 2 24 5
18.7365 0.221298 0.221298 2 24 5
18.7865 0.220884 0.220884 2 24 5
18.8365 0.220474 0.220474 2 24 5
18.8865 0.220065 0.220065 2 24 5
18.9365 0.21966 0.21966 2 24 5
18.9864 0.219245 0.219245 2 24 5
19.0364 0.218841 0.218841 2 24 5
19.0864 0.218441 0.218441 2 24 5
19.1364 0.218045 0.218045 2 24 5
19.1864 0.217652 0.217652 2 24 5
19.2364 0.217261 0.217261 2 24 5
19.2864 0.216873 0.216873 2 24 5
19.3364 0.216489 0.216489 2 24 5
19.3864 0.216116 0.216116 2 24 5
19.4364 0.215725 0.215725 2 24 5
19.4864 0.215412 0.215412 2 24 5
19.5364 0.214998 0.214998 2 24 5
19.5864 0.21459 0.21459 2 24 5
19.6364 0.214205 0.214205 2 24 5
19.6864 0.21384 0.21384 2 24 5
19.7364 0.213484 0.213484 2 24 5
19.7864 0.21313 0.21313 2 24 5
19.8364 0.212775 0.212775 2 24 5
19.8864 0.212412 0.212412 2 24 5
19.9364 0.212057 0.212057 2 24 5
19.9864 0.211705 0.211705 2 24 5
20.0364 0.211354 0.211354 2 24 5
20.0864 0.211006 0.211006 2 24 5
20.1364 0.21066 0.21066 2 24 5
20.1864 0.210317 0.210317 2 24 5
20.2364 0.209976 0.209976 2 24 5
20.2864 0.209637 0.209637 2 24 5
20.3364 0.209305 0.209305 2 24 5
20.3864 0.208963 0.208963 2 24 5
20.4364 0.208628 0.208628 2 24 5
20.4864 0.208296 0.208296 2 24 5
20.5364 0.207968 0.207968 2 24 5
20.5864 0.207643 0.207643 2 24 5
20.6364 0.207319 0.207319 2 24 5
20.6864 0.206998 0.206998 2 24 5
20.7364 0.206678 0.206678 2 24 5
20.7864 0.206361 0.206361 2 24 5
20.8364 0.206029 0.206029 2 24 5
20.8864 0.205718 0.205718 2 24 5
20.9364 0.205411 0.205411 2 24 5
20.9864 0.205104 0.205104 2 24 5
21.0364 0.204799 0.204799 2 24 5
21.0864 0.204487 0.204487 2 24 5
21.1364 0.204182 0.204182 2 24 5
21.1864 0.203878 0.203878 2 24 5
21.2364 0.203576 0.203576 2 24 5
21.2864 0.203276 0.203276 2 24 5
21.3364 0.202978 0.202978 2 24 5
21.3864 0.202682 0.202682 2 24 5
21.4364 0.202387 0.202387 2 24 5
21.4864 0.202095 0.202095 2 24 5
21.5364 0.201804 0.201804 2 24 5
21.5864 0.201514 0.201514 2 24 5
21.6364 0.201227 0.201227 2 24 5
21.6864 0.200942 0.200942 2 24 5
21.7364 0.200649 0.200649 2 24 5
21.7864 0.200367 0.200367 2 24 5
21.8364 0.200088 0.200088 2 24 5
21.8864 0.19981 0.19981 2 24 5
21.9364 0.199533 0.199533 2 24 5
21.9864 0.199257 0.199257 2 24 5
22.0364 0.198977 0.198977 2 24 5
22.0864 0.198703 0.198703 2 24 5
22.1364 0.198432 0.198432 2 24 5
22.1864 0.198162 0.198162 2 24 5
22.2364 0.197893 0.197893 2 24 5
22.2864 0.197626 0.197626 2 24 5
22.3364 0.197361 0.197361 2 24 5
22.3864 0.197065 0.197065 2 24 5
22.4364 0.196814 0.196814 2 24 5
22.4864 0.196566 0.196566 2 24 5
22.5364 0.196313 0.196313 2 24 5
22.5864 0.196054 0.196054 2 24 5
22.6364 0.195792 0.195792 2 24 5
22.6864 0.195525 0.195525 2 24 5
22.7364 0.195272 0.195272 2 24 5
22.7864 0.195022 0.195022 2 24 5
22.8364 0.194772 0.194772 2 24 5
22.8864 0.194522 0.194522 2 24 5
22.9364 0.194269 0.194269 2 24 5
22.9864 0.19402 0.19402 2 24 5
23.0364 0.193773 0.193773 2 24 5
23.0864 0.193527 0.193527 2 24 5
23.1364 0.193282 0.193282 2 24 5
23.1864 0.193039 0.193039 2 24 5
23.2364 0.192796 0.192796 2 24 5
23.2864 0.192555 0.192555 2 24 5
23.3364 0.192316 0.192316 2 24 5
23.3864 0.192073 0.192073 2 24 5
23.4364 0.191835 0.191835 2 24 5
23.4864 0.191599 0.191599 2 24 5
23.5364 0.191365 0.191365 2 24 5
23.5864 0.191131 0.191131 2 24 5
23.6364 0.190899 0.190899 2 24 5
23.6864 0.19067 0.19067 2 24 5
23.7364 0.190435 0.190435 2 24 5
23.7864 0.190205 0.190205 2 24 5
23.8364 0.189975 0.189975 2 24 5
23.8864 0.189748 0.189748 2 24 5
23.9364 0.189522 0.189522 2 24 5
23.9864 0.189297 0.189297 2 24 5
24.0364 0.189073 0.189073 2 24 5
24.0864 0.18885 0.18885 2 24 5
24.1364 0.188628 0.188628 2 24 5
24.1864 0.188409 0.188409 2 24 5
24.2364 0.188186 0.188186 2 24 5
24.2864 0.187966 0.187966 2 24 5
24.3364 0.187747 0.187747 2 24 5
24.3864 0.187531 0.187531 2 24 5
24.4364 0.187315 0.187315 2 24 5
24.4864 0.1871 0.1871 2 24 5
24.5364 0.186887 0.186887 2 24 5
24.5864 0.186674 0.186674 2 24 5
24.6364 0.186463 0.186463 2 24 5
24.6864 0.186248 0.186248 2 24 5
24.7364 0.186038 0.186038 2 24 5
24.7864 0.185829 0.185829 2 24 5
24.8363 0.185621 0.185621 2 24 5
24.8863 0.185414 0.185414 2 24 5
24.9363 0.185208 0.185208 2 24 5
24.9863 0.185004 0.185004 2 24 5
25.0363 0.184796 0.184796 2 24 5
25.0863 0.184592 0.184592 2 24 5
25.1363 0.18439 0.18439 2 24 5
25.1863 0.184188 0.184188 2 24 5
25.2363 0.183988 0.183988 2 24 5
25.2863 0.183788 0.183788 2 24 5
25.3363 0.183589 0.183589 2 24 5
25.3863 0.183387 0.183387 2 24 5
25.4363 0.18319 0.18319 2 24 5
25.4863 0.182994 0.182994 2 24 5
25.5363 0.182799 0.182799 2 24 5
25.5863 0.182604 0.182604 2 24 5
25.6363 0.182411 0.182411 2 24 5
25.6863 0.182216 0.182216 2 24 5
25.7363 0.182022 0.182022 2 24 5
25.7863 0.181831 0.181831 2 24 5
25.8363 0.18164 0.18164 2 24 5
25.8863 0.18145 0.18145 2 24 5
25.9363 0.181261 0.181261 2 24 5
25.9863 0.181073 0.181073 2 24 5
26.0363 0.180885 0.180885 2 24 5
26.0863 0.1807 0.1807 2 24 5
26.1363 0.180511 0.180511 2 24 5
26.1863 0.180325 0.180325 2 24 5
26.2363 0.18014 0.18014 2 24 5
26.2863 0.179956 0.179956 2 24 5
26.3363 0.179773 0.179773 2 24 5
26.3863 0.17959 0.17959 2 24 5
26.4363 0.179409 0.179409 2 24 5
26.4863 0.179228 0.179228 2 24 5
26.5363 0.179048 0.179048 2 24 5
26.5863 0.17887 0.17887 2 24 5
26.6363 0.178689 0.178689 2 24 5
26.6863 0.17851 0.17851 2 24 5
26.7363 0.178332 0.178332 2 24 5
26.7863 0.178156 0.178156 2 24 5
26.8363 0.17798 0.17798 2 24 5
26.8863 0.177805 0.177805 2 24 5
26.9363 0.17763 0.17763 2 24 5
26.9863 0.177457 0.177457 2 24 5
27.0363 0.177284 0.177284 2 24 5
27.0863 0.177109 0.177109 2 24 5
27.1363 0.176937 0.176937 2 24 5
27.1863 0.176766 0.176766 2 24 5
27.2363 0.176596 0.176596 2 24 5
27.2863 0.176426 0.176426 2 24 5
27.3363 0.176257 0.176257 2 24 5
27.3863 0.17609 0.17609 2 24 5
27.4363 0.17592 0.17592 2 24 5
27.4863 0.175752 0.175752 2 24 5
27.5363 0.175585 0.175585 2 24 5
27.5863 0.175419 0.175419 2 24 5
27.6363 0.175254 0.175254 2 24 5
27.6863 0.175089 0.175089 2 24 5
27.7363 0.174925 0.174925 2 24 5
27.7863 0.174762 0.174762 2 24 5
27.8363 0.174599 0.174599 2 24 5
27.8863 0.174446 0.174446 2 24 5
27.9363 0.174278 0.174278 2 24 5
27.9863 0.174112 0.174112 2 24 5
28.0363 0.173949 0.173949 2 24 5
28.0863 0.173789 0.173789 2 24 5
28.1363 0.173631 0.173631 2 24 5
28.1863 0.173473 0.173473 2 24 5
28.2363 0.173316 0.173316 2 24 5
28.2863 0.173164 0.173164 2 24 5
28.3363 0.173003 0.173003 2 24 5
28.3863 0.172843 0.172843 2 24 5
28.4363 0.172686 0.172686 2 24 5
28.4863 0.17253 0.17253 2 24 5
28.5363 0.172376 0.172376 2 24 5
28.5863 0.172223 0.172223 2 24 5
28.6363 0.17207 0.17207 2 24 5
28.6863 0.171917 0.171917 2 24 5
28.7363 0.171763 0.171763 2 24 5
28.7863 0.171611 0.171611 2 24 5
28.8363 0.171459 0.171459 2 24 5
28.8863 0.171308 0.171308 2 24 5
28.9363 0.171158 0.171158 2 24 5
28.9863 0.171008 0.171008 2 24 5
29.0363 0.170858 0.170858 2 24 5
29.0863 0.170709 0.170709 2 24 5
29.1363 0.170561 0.170561 2 24 5
29.1863 0.170414 0.170414 2 24 5
29.2363 0.170265 0.170265 2 24 5
29.2863 0.170118 0.170118 2 24 5
29.3363 0.169971 0.169971 2 24 5
29.3863 0.169826 0.169826 2 24 5
29.4363 0.169681 0.169681 2 24 5
29.4863 0.169536 0.169536 2 24 5
29.5363 0.169392 0.169392 2 24 5
29.5863 0.169249 0.169249 2 24 5
29.6363 0.169104 0.169104 2 24 5
29.6863 0.16896 0.16896 2 24 5
29.7363 0.168818 0.168818 2 24 5
29.7863 0.168676 0.168676 2 24 5
29.8363 0.168535 0.168535 2 24 5
29.8863 0.168394 0.168394 2 24 5
29.9363 0.168253 0.168253 2 24 5
29.9863 0.168113 0.168113 2 24 5
30.0363 0.167974 0.167974 2 24 5
30.0863 0.167812 0.167812 2 24 5
30.1363 0.167684 0.167684 2 24 5
30.1863 0.167557 0.167557 2 24 5
30.2363 0.167424 0.167424 2 24 5
30.2863 0.167287 0.167287 2 24 5
30.3363 0.167147 0.167147 2 24 5
30.3863 0.167008 0.167008 2 24 5
30.4363 0.166871 0.166871 2 24 5
30.4863 0.166736 0.166736 2 24 5
30.5363 0.166601 0.166601 2 24 5
30.5863 0.166467 0.166467 2 24 5
30.6363 0.166333 0.166333 2 24 5
30.6863 0.1662 0.1662 2 24 5
30.7363 0.166065 0.166065 2 24 5
30.7863 0.165932 0.165932 2 24 5
30.8363 0.1658 0.1658 2 24 5
30.8863 0.165668 0.165668 2 24 5
30.9363 0.165536 0.165536 2 24 5
30.9863 0.165405 0.165405 2 24 5
31.0363 0.165275 0.165275 2 24 5
31.0863 0.165149 0.165149 2 24 5
31.1363 0.165016 0.165016 2 24 5
31.1863 0.164883 0.164883 2 24 5
31.2363 0.164753 0.164753 2 24 5
31.2863 0.164624 0.164624 2 24 5
31.3363 0.164497 0.164497 2 24 5
31.3863 0.164369 0.164369 2 24 5
31.4363 0.164242 0.164242 2 24 5
31.4863 0.164116 0.164116 2 24 5
31.5363 0.163988 0.163988 2 24 5
31.5863 0.16386 0.16386 2 24 5
31.6363 0.163734 0.163734 2 24 5
31.6863 0.163609 0.163609 2 24 5
31.7363 0.163484 0.163484 2 24 5
31.7863 0.16336 0.16336 2 24 5
31.8363 0.163236 0.163236 2 24 5
31.8863 0.163111 0.163111 2 24 5
31.9363 0.162987 0.162987 2 24 5
31.9863 0.162863 0.162863 2 24 5
32.0363 0.16274 0.16274 2 24 5
32.0863 0.162617 0.162617 2 24 5
32.1363 0.162495 0.162495 2 24 5
32.1863 0.162373 0.162373 2 24 5
32.2363 0.162252 0.162252 2 24 5
32.2863 0.162131 0.162131 2 24 5
32.3363 0.16201 0.16201 2 24 5
32.3863 0.16189 0.16189 2 24 5
32.4363 0.16177 0.16177 2 24 5
32.4863 0.161639 0.161639 2 24 5
32.5363 0.161525 0.161525 2 24 5
32.5863 0.16141 0.16141 2 24 5
32.6363 0.161294 0.161294 2 24 5
32.6863 0.161176 0.161176 2 24 5
32.7363 0.161057 0.161057 2 24 5
32.7863 0.160938 0.160938 2 24 5
32.8363 0.16082 0.16082 2 24 5
32.8863 0.160703 0.160703 2 24 5
32.9363 0.160587 0.160587 2 24 5
32.9863 0.160471 0.160471 2 24 5
33.0363 0.160355 0.160355 2 24 5
33.0863 0.16024 0.16024 2 24 5
33.1363 0.160122 0.160122 2 24 5
33.1863 0.160008 0.160008 2 24 5
33.2363 0.159894 0.159894 2 24 5
33.2863 0.15978 0.15978 2 24 5
33.3363 0.159667 0.159667 2 24 5
33.3863 0.159553 0.159553 2 24 5
33.4363 0.159439 0.159439 2 24 5
33.4863 0.159326 0.159326 2 24 5
33.5363 0.159213 0.159213 2 24 5
33.5863 0.159101 0.159101 2 24 5
33.6363 0.158989 0.158989 2 24 5
33.6863 0.158877 0.158877 2 24 5
33.7363 0.158766 0.158766 2 24 5
33.7863 0.158655 0.158655 2 24 5
33.8363 0.158544 0.158544 2 24 5
33.8863 0.158434 0.158434 2 24 5
33.9363 0.158323 0.158323 2 24 5
33.9863 0.158213 0.158213 2 24 5
34.0363 0.158103 0.158103 2 24 5
34.0863 0.157994 0.157994 2 24 5
34.1363 0.157886 0.157886 2 24 5
34.1863 0.157777 0.157777 2 24 5
34.2363 0.157669 0.157669 2 24 5
34.2863 0.15756 0.15756 2 24 5
34.3363 0.157452 0.157452 2 24 5
34.3863 0.157345 0.157345 2 24 5
34.4363 0.157238 0.157238 2 24 5
34.4863 0.157131 0.157131 2 24 5
34.5363 0.157024 0.157024 2 24 5
34.5863 0.156918 0.156918 2 24 5
34.6363 0.156813 0.156813 2 24 5
34.6863 0.156706 0.156706 2 24 5
34.7363 0.1566 0.1566 2 24 5
34.7863 0.156495 0.156495 2 24 5
34.8363 0.15639 0.15639 2 24 5
34.8863 0.156286 0.156286 2 24 5
34.9363 0.156182 0.156182 2 24 5
34.9863 0.156078 0.156078 2 24 5
35.0363 0.155975 0.155975 2 24 5
35.0863 0.15587 0.15587 2 24 5
35.1363 0.155767 0.155767 2 24 5
35.1863 0.155664 0.155664 2 24 5
35.2363 0.155561 0.155561 2 24 5
35.2863 0.155459 0.155459 2 24 5
35.3363 0.155357 0.155357 2 24 5
35.3863 0.155255 0.155255 2 24 5
35.4363 0.155153 0.155153 2 24 5
35.4863 0.155052 0.155052 2 24 5
35.5363 0.155009 0.155009 2 24 5
35.5863 0.154879 0.154879 2 24 5
35.6363 0.154749 0.154749 2 24 5
35.6863 0.154634 0.154634 2 24 5
35.7363 0.154534 0.154534 2 24 5
35.7863 0.154442 0.154442 2 24 5
35.8363 0.15435 0.15435 2 24 5
35.8863 0.154254 0.154254 2 24 5
35.9363 0.154155 0.154155 2 24 5
35.9863 0.154054 0.154054 2 24 5
36.0363 0.153954 0.153954 2 24 5
36.0863 0.153855 0.153855 2 24 5
36.1363 0.153757 0.153757 2 24 5
36.1863 0.15366 0.15366 2 24 5
36.2363 0.153563 0.153563 2 24 5
36.2863 0.153466 0.153466 2 24 5
36.3363 0.153369 0.153369 2 24 5
36.3863 0.153272 0.153272 2 24 5
36.4363 0.153175 0.153175 2 24 5
36.4863 0.153079 0.153079 2 24 5
36.5363 0.152983 0.152983 2 24 5
36.5863 0.152887 0.152887 2 24 5
36.6363 0.152791 0.152791 2 24 5
36.6863 0.152696 0.152696 2 24 5
36.7363 0.152601 0.152601 2 24 5
36.7863 0.152506 0.152506 2 24 5
36.8363 0.152412 0.152412 2 24 5
36.8863 0.152318 0.152318 2 24 5
36.9363 0.152223 0.152223 2 24 5
36.9863 0.152127 0.152127 2 24 5
37.0363 0.152034 0.152034 2 24 5
37.0863 0.151941 0.151941 2 24 5
37.1363 0.151849 0.151849 2 24 5
37.1863 0.151756 0.151756 2 24 5
37.2363 0.151663 0.151663 2 24 5
37.2863 0.15157 0.15157 2 24 5
37.3363 0.151478 0.151478 2 24 5
37.3863 0.151386 0.151386 2 24 5
37.4363 0.151294 0.151294 2 24 5
37.4863 0.151202 0.151202 2 24 5
37.5363 0.151111 0.151111 2 24 5
37.5863 0.15102 0.15102 2 24 5
37.6363 0.150929 0.150929 2 24 5
37.6863 0.150838 0.150838 2 24 5
37.7363 0.150747 0.150747 2 24 5
37.7863 0.150657 0.150657 2 24 5
37.8363 0.150567 0.150567 2 24 5
37.8863 0.150475 0.150475 2 24 5
37.9363 0.150386 0.150386 2 24 5
37.9863 0.150298 0.150298 2 24 5
38.0363 0.150209 0.150209 2 24 5
38.0863 0.15012 0.15012 2 24 5
38.1363 0.150031 0.150031 2 24 5
38.1863 0.14994 0.14994 2 24 5
38.2363 0.149852 0.149852 2 24 5
38.2863 0.149765 0.149765 2 24 5
38.3363 0.149678 0.149678 2 24 5
38.3863 0.149591 0.149591 2 24 5
38.4363 0.149502 0.149502 2 24 5
38.4863 0.149414 0.149414 2 24 5
38.5363 0.149327 0.149327 2 24 5
38.5863 0.14924 0.14924 2 24 5
38.6363 0.149154 0.149154 2 24 5
38.6863 0.149067 0.149067 2 24 5
38.7363 0.148981 0.148981 2 24 5
38.7863 0.148895 0.148895 2 24 5
38.8363 0.148808 0.148808 2 24 5
38.8863 0.148723 0.148723 2 24 5
38.9363 0.148637 0.148637 2 24 5
38.9863 0.148552 0.148552 2 24 5
39.0363 0.148467 0.148467 2 24 5
39.0863 0.148382 0.148382 2 24 5
39.1363 0.148297 0.148297 2 24 5
39.1863 0.148212 0.148212 2 24 5
39.2363 0.148123 0.148123 2 24 5
39.2863 0.148041 0.148041 2 24 5
39.3363 0.147959 0.147959 2 24 5
39.3863 0.147877 0.147877 2 24 5
39.4363 0.147793 0.147793 2 24 5
39.4863 0.147709 0.147709 2 24 5
39.5363 0.147625 0.147625 2 24 5
39.5863 0.147542 0.147542 2 24 5
39.6363 0.147459 0.147459 2 24 5
39.6863 0.147376 0.147376 2 24 5
39.7363 0.147294 0.147294 2 24 5
39.7863 0.147212 0.147212 2 24 5
39.8363 0.14713 0.14713 2 24 5
39.8863 0.147047 0.147047 2 24 5
39.9363 0.146966 0.146966 2 24 5
39.9863 0.146884 0.146884 2 24 5
40.0363 0.146803 0.146803 2 24 5
14.3877 0.6 0.6 2 8 3
14.4276 0.598201 0.598201 2 8 3
14.4676 0.596418 0.596418 2 8 3
14.5175 0.594219 0.594219 2 8 3
14.5675 0.592062 0.592062 2 8 3
14.6175 0.589968 0.589968 2 8 3
14.6675 0.587876 0.587876 2 8 3
14.7174 0.585785 0.585785 2 8 3
14.7675 0.583772 0.583772 2 8 3
14.8173 0.581744 0.581744 2 8 3
14.8673 0.579764 0.579764 2 8 3
14.9172 0.57781 0.57781 2 8 3
14.9672 0.575908 0.575908 2 8 3
15.0172 0.573981 0.573981 2 8 3
15.0671 0.572105 0.572105 2 8 3
15.1171 0.570254 0.570254 2 8 3
15.1671 0.568425 0.568425 2 8 3
15.217 0.56662 0.56662 2 8 3
15.267 0.564837 0.564837 2 8 3
15.317 0.563076 0.563076 2 8 3
15.3669 0.561338 0.561338 2 8 3
15.4169 0.55962 0.55962 2 8 3
15.4669 0.557924 0.557924 2 8 3
15.5168 0.556247 0.556247 2 8 3
15.5668 0.554591 0.554591 2 8 3
15.6168 0.552954 0.552954 2 8 3
15.6668 0.551336 0.551336 2 8 3
15.7167 0.549737 0.549737 2 8 3
15.7667 0.548157 0.548157 2 8 3
15.8167 0.546594 0.546594 2 8 3
15.8667 0.545049 0.545049 2 8 3
15.9166 0.543521 0.543521 2 8 3
15.9666 0.542011 0.542011 2 8 3
16.0166 0.540517 0.540517 2 8 3
16.0666 0.539039 0.539039 2 8 3
16.1166 0.537577 0.537577 2 8 3
16.1665 0.536131 0.536131 2 8 3
16.2165 0.534701 0.534701 2 8 3
16.2665 0.533285 0.533285 2 8 3
16.3165 0.531885 0.531885 2 8 3
16.3665 0.530499 0.530499 2 8 3
16.4164 0.529127 0.529127 2 8 3
16.4664 0.527769 0.527769 2 8 3
16.5164 0.526426 0.526426 2 8 3
16.5664 0.525095 0.525095 2 8 3
16.6164 0.523778 0.523778 2 8 3
16.6663 0.522475 0.522475 2 8 3
16.7163 0.521184 0.521184 2 8 3
16.7663 0.519905 0.519905 2 8 3
16.8163 0.51864 0.51864 2 8 3
16.8663 0.517386 0.517386 2 8 3
16.9163 0.516144 0.516144 2 8 3
16.9663 0.514915 0.514915 2 8 3
17.0162 0.513697 0.513697 2 8 3
17.0662 0.51249 0.51249 2 8 3
17.1162 0.511294 0.511294 2 8 3
17.1662 0.51011 0.51011 2 8 3
17.2162 0.508937 0.508937 2 8 3
17.2662 0.507774 0.507774 2 8 3
17.3162 0.506622 0.506622 2 8 3
17.3661 0.50548 0.50548 2 8 3
17.4161 0.504348 0.504348 2 8 3
17.4661 0.503227 0.503227 2 8 3
17.5161 0.502115 0.502115 2 8 3
17.5661 0.501013 0.501013 2 8 3
17.6161 0.499921 0.499921 2 8 3
17.6661 0.498838 0.498838 2 8 3
17.7161 0.497764 0.497764 2 8 3
17.766 0.4967 0.4967 2 8 3
17.816 0.495645 0.495645 2 8 3
17.866 0.494598 0.494598 2 8 3
17.916 0.493561 0.493561 2 8 3
17.966 0.492532 0.492532 2 8 3
18.016 0.491511 0.491511 2 8 3
18.066 0.490499 0.490499 2 8 3
18.116 0.489496 0.489496 2 8 3
18.166 0.4885 0.4885 2 8 3
18.2159 0.487512 0.487512 2 8 3
18.2659 0.486533 0.486533 2 8 3
18.3159 0.485561 0.485561 2 8 3
18.3659 0.484597 0.484597 2 8 3
18.4159 0.48364 0.48364 2 8 3
18.4659 0.482691 0.482691 2 8 3
18.5159 0.48175 0.48175 2 8 3
18.5659 0.480816 0.480816 2 8 3
18.6159 0.479889 0.479889 2 8 3
18.6659 0.478969 0.478969 2 8 3
18.7159 0.478056 0.478056 2 8 3
18.7659 0.47715 0.47715 2 8 3
18.8158 0.47625 0.47625 2 8 3
18.8658 0.475358 0.475358 2 8 3
18.9158 0.474472 0.474472 2 8 3
18.9658 0.473593 0.473593 2 8 3
19.0158 0.47272 0.47272 2 8 3
19.0658 0.471854 0.471854 2 8 3
19.1158 0.470994 0.470994 2 8 3
19.1658 0.47014 0.47014 2 8 3
19.2158 0.469292 0.469292 2 8 3
19.2658 0.468451 0.468451 2 8 3
19.3158 0.467615 0.467615 2 8 3
19.3658 0.466785 0.466785 2 8 3
19.4158 0.465962 0.465962 2 8 3
19.4657 0.465144 0.465144 2 8 3
19.5157 0.464331 0.464331 2 8 3
19.5657 0.463525 0.463525 2 8 3
19.6157 0.462723 0.462723 2 8 3
19.6657 0.461928 0.461928 2 8 3
19.7157 0.461138 0.461138 2 8 3
19.7657 0.460353 0.460353 2 8 3
19.8157 0.459574 0.459574 2 8 3
19.8657 0.458799 0.458799 2 8 3
19.9157 0.45803 0.45803 2 8 3
19.9657 0.457266 0.457266 2 8 3
20.0157 0.456508 0.456508 2 8 3
20.0657 0.455754 0.455754 2 8 3
20.1157 0.455005 0.455005 2 8 3
20.1657 0.454261 0.454261 2 8 3
20.2157 0.453522 0.453522 2 8 3
20.2657 0.452788 0.452788 2 8 3
20.3156 0.452058 0.452058 2 8 3
20.3656 0.451333 0.451333 2 8 3
20.4156 0.450613 0.450613 2 8 3
20.4656 0.449897 0.449897 2 8 3
20.5156 0.449186 0.449186 2 8 3
20.5656 0.448479 0.448479 2 8 3
20.6156 0.447777 0.447777 2 8 3
20.6656 0.447079 0.447079 2 8 3
20.7156 0.446385 0.446385 2 8 3
20.7656 0.445696 0.445696 2 8 3
20.8156 0.445011 0.445011 2 8 3
20.8656 0.44433 0.44433 2 8 3
20.9156 0.443653 0.443653 2 8 3
20.9656 0.442981 0.442981 2 8 3
21.0156 0.442312 0.442312 2 8 3
21.0656 0.441648 0.441648 2 8 3
21.1156 0.440987 0.440987 2 8 3
21.1656 0.44033 0.44033 2 8 3
21.2156 0.439678 0.439678 2 8 3
21.2656 0.439029 0.439029 2 8 3
21.3156 0.438384 0.438384 2 8 3
21.3656 0.437742 0.437742 2 8 3
21.4155 0.437105 0.437105 2 8 3
21.4655 0.436471 0.436471 2 8 3
21.5155 0.435841 0.435841 2 8 3
21.5655 0.435214 0.435214 2 8 3
21.6155 0.434591 0.434591 2 8 3
21.6655 0.433972 0.433972 2 8 3
21.7155 0.433356 0.433356 2 8 3
21.7655 0.432743 0.432743 2 8 3
21.8155 0.432134 0.432134 2 8 3
21.8655 0.431529 0.431529 2 8 3
21.9155 0.430926 0.430926 2 8 3
21.9655 0.430328 0.430328 2 8 3
22.0155 0.429732 0.429732 2 8 3
22.0655 0.42914 0.42914 2 8 3
22.1155 0.428551 0.428551 2 8 3
22.1655 0.427965 0.427965 2 8 3
22.2155 0.427382 0.427382 2 8 3
22.2655 0.426803 0.426803 2 8 3
22.3155 0.426227 0.426227 2 8 3
22.3655 0.425653 0.425653 2 8 3
22.4155 0.425083 0.425083 2 8 3
22.4655 0.424516 0.424516 2 8 3
22.5155 0.423952 0.423952 2 8 3
22.5655 0.423391 0.423391 2 8 3
22.6155 0.422833 0.422833 2 8 3
22.6655 0.422277 0.422277 2 8 3
22.7155 0.421725 0.421725 2 8 3
22.7655 0.421176 0.421176 2 8 3
22.8154 0.420629 0.420629 2 8 3
22.8654 0.420085 0.420085 2 8 3
22.9154 0.419544 0.419544 2 8 3
22.9654 0.419006 0.419006 2 8 3
23.0154 0.418471 0.418471 2 8 3
23.0654 0.417938 0.417938 2 8 3
23.1154 0.417408 0.417408 2 8 3
23.1654 0.416881 0.416881 2 8 3
23.2154 0.416356 0.416356 2 8 3
23.2654 0.415834 0.415834 2 8 3
23.3154 0.415315 0.415315 2 8 3
23.3654 0.414798 0.414798 2 8 3
23.4154 0.414284 0.414284 2 8 3
23.4654 0.413772 0.413772 2 8 3
23.5154 0.413263 0.413263 2 8 3
23.5654 0.412756 0.412756 2 8 3
23.6154 0.412252 0.412252 2 8 3
23.6654 0.41175 0.41175 2 8 3
23.7154 0.41125 0.41125 2 8 3
23.7654 0.410753 0.410753 2 8 3
23.8154 0.410259 0.410259 2 8 3
23.8654 0.409767 0.409767 2 8 3
23.9154 0.409277 0.409277 2 8 3
23.9654 0.408789 0.408789 2 8 3
24.0154 0.408304 0.408304 2 8 3
24.0654 0.407821 0.407821 2 8 3
24.1154 0.407341 0.407341 2 8 3
24.1654 0.406862 0.406862 2 8 3
24.2154 0.406386 0.406386 2 8 3
24.2654 0.405912 0.405912 2 8 3
24.3154 0.405441 0.405441 2 8 3
24.3654 0.404971 0.404971 2 8 3
24.4154 0.404504 0.404504 2 8 3
24.4654 0.404039 0.404039 2 8 3
24.5154 0.403576 0.403576 2 8 3
24.5654 0.403115 0.403115 2 8 3
24.6154 0.402656 0.402656 2 8 3
24.6654 0.402199 0.402199 2 8 3
24.7154 0.401744 0.401744 2 8 3
24.7654 0.401292 0.401292 2 8 3
24.8154 0.400841 0.400841 2 8 3
24.8653 0.400392 0.400392 2 8 3
24.9153 0.399946 0.399946 2 8 3
24.9653 0.399501 0.399501 2 8 3
25.0153 0.399059 0.399059 2 8 3
25.0653 0.398618 0.398618 2 8 3
25.1153 0.398179 0.398179 2 8 3
25.1653 0.397742 0.397742 2 8 3
25.2153 0.397307 0.397307 2 8 3
25.2653 0.396874 0.396874 2 8 3
25.3153 0.396443 0.396443 2 8 3
25.3653 0.396014 0.396014 2 8 3
25.4153 0.395587 0.395587 2 8 3
25.4653 0.395161 0.395161 2 8 3
25.5153 0.394737 0.394737 2 8 3
25.5653 0.394315 0.394315 2 8 3
25.6153 0.393895 0.393895 2 8 3
25.6653 0.393477 0.393477 2 8 3
25.7153 0.39306 0.39306 2 8 3
25.7653 0.392645 0.392645 2 8 3
25.8153 0.392232 0.392232 2 8 3
25.8653 0.391821 0.391821 2 8 3
25.9153 0.391411 0.391411 2 8 3
25.9653 0.391003 0.391003 2 8 3
26.0153 0.390597 0.390597 2 8 3
26.0653 0.390193 0.390193 2 8 3
26.1153 0.38979 0.38979 2 8 3
26.1653 0.389389 0.389389 2 8 3
26.2153 0.388989 0.388989 2 8 3
26.2653 0.388591 0.388591 2 8 3
26.3153 0.388195 0.388195 2 8 3
26.3653 0.3878 0.3878 2 8 3
26.4153 0.387407 0.387407 2 8 3
26.4653 0.387015 0.387015 2 8 3
26.5153 0.386626 0.386626 2 8 3
26.5653 0.386237 0.386237 2 8 3
26.6153 0.38585 0.38585 2 8 3
26.6653 0.385465 0.385465 2 8 3
26.7153 0.385081 0.385081 2 8 3
26.7653 0.384699 0.384699 2 8 3
26.8153 0.384319 0.384319 2 8 3
26.8653 0.383939 0.383939 2 8 3
26.9153 0.383562 0.383562 2 8 3
26.9653 0.383185 0.383185 2 8 3
27.0153 0.382811 0.382811 2 8 3
27.0653 0.382437 0.382437 2 8 3
27.1153 0.382066 0.382066 2 8 3
27.1653 0.381695 0.381695 2 8 3
27.2153 0.381326 0.381326 2 8 3
27.2653 0.380959 0.380959 2 8 3
27.3153 0.380593 0.380593 2 8 3
27.3653 0.380228 0.380228 2 8 3
27.4153 0.379864 0.379864 2 8 3
27.4653 0.379503 0.379503 2 8 3
27.5153 0.379142 0.379142 2 8 3
27.5653 0.378783 0.378783 2 8 3
27.6153 0.378425 0.378425 2 8 3
27.6653 0.378068 0.378068 2 8 3
27.7153 0.377713 0.377713 2 8 3
27.7653 0.377359 0.377359 2 8 3
27.8153 0.377007 0.377007 2 8 3
27.8653 0.376656 0.376656 2 8 3
27.9153 0.376306 0.376306 2 8 3
27.9653 0.375957 0.375957 2 8 3
28.0153 0.37561 0.37561 2 8 3
28.0653 0.375264 0.375264 2 8 3
28.1152 0.374919 0.374919 2 8 3
28.1652 0.374576 0.374576 2 8 3
28.2152 0.374234 0.374234 2 8 3
28.2652 0.373893 0.373893 2 8 3
28.3152 0.373553 0.373553 2 8 3
28.3652 0.373214 0.373214 2 8 3
28.4152 0.372877 0.372877 2 8 3
28.4652 0.372541 0.372541 2 8 3
28.5152 0.372206 0.372206 2 8 3
28.5652 0.371872 0.371872 2 8 3
28.6152 0.37154 0.37154 2 8 3
28.6652 0.371209 0.371209 2 8 3
28.7152 0.370879 0.370879 2 8 3
28.7652 0.37055 0.37055 2 8 3
28.8152 0.370222 0.370222 2 8 3
28.8652 0.369895 0.369895 2 8 3
28.9152 0.36957 0.36957 2 8 3
28.9652 0.369245 0.369245 2 8 3
29.0152 0.368922 0.368922 2 8 3
29.0652 0.3686 0.3686 2 8 3
29.1152 0.368279 0.368279 2 8 3
29.1652 0.367959 0.367959 2 8 3
29.2152 0.367641 0.367641 2 8 3
29.2652 0.367323 0.367323 2 8 3
29.3152 0.367007 0.367007 2 8 3
29.3652 0.366691 0.366691 2 8 3
29.4152 0.366377 0.366377 2 8 3
29.4652 0.366063 0.366063 2 8 3
29.5152 0.365751 0.365751 2 8 3
29.5652 0.36544 0.36544 2 8 3
29.6152 0.36513 0.36513 2 8 3
29.6652 0.364821 0.364821 2 8 3
29.7152 0.364513 0.364513 2 8 3
29.7652 0.364206 0.364206 2 8 3
29.8152 0.3639 0.3639 2 8 3
29.8652 0.363595 0.363595 2 8 3
29.9152 0.363291 0.363291 2 8 3
29.9652 0.362989 0.362989 2 8 3
30.0152 0.362687 0.362687 2 8 3
30.0652 0.362386 0.362386 2 8 3
30.1152 0.362086 0.362086 2 8 3
30.1652 0.361787 0.361787 2 8 3
30.2152 0.361489 0.361489 2 8 3
30.2652 0.361192 0.361192 2 8 3
30.3152 0.360896 0.360896 2 8 3
30.3652 0.360601 0.360601 2 8 3
30.4152 0.360307 0.360307 2 8 3
30.4652 0.360014 0.360014 2 8 3
30.5152 0.359722 0.359722 2 8 3
30.5652 0.359431 0.359431 2 8 3
30.6152 0.359141 0.359141 2 8 3
30.6652 0.358852 0.358852 2 8 3
30.7152 0.358563 0.358563 2 8 3
30.7652 0.358276 0.358276 2 8 3
30.8152 0.357989 0.357989 2 8 3
30.8652 0.357704 0.357704 2 8 3
30.9152 0.357419 0.357419 2 8 3
30.9652 0.357135 0.357135 2 8 3
31.0152 0.356852 0.356852 2 8 3
31.0652 0.35657 0.35657 2 8 3
31.1152 0.356289 0.356289 2 8 3
31.1652 0.356009 0.356009 2 8 3
31.2152 0.35573 0.35573 2 8 3
31.2652 0.355451 0.355451 2 8 3
31.3152 0.355174 0.355174 2 8 3
31.3652 0.354897 0.354897 2 8 3
31.4152 0.354621 0.354621 2 8 3
31.4652 0.354346 0.354346 2 8 3
31.5152 0.354072 0.354072 2 8 3
31.5652 0.353799 0.353799 2 8 3
31.6152 0.353526 0.353526 2 8 3
31.6652 0.353255 0.353255 2 8 3
31.7152 0.352984 0.352984 2 8 3
31.7652 0.352714 0.352714 2 8 3
31.8152 0.352445 0.352445 2 8 3
31.8652 0.352176 0.352176 2 8 3
31.9152 0.351909 0.351909 2 8 3
31.9652 0.351642 0.351642 2 8 3
32.0152 0.351376 0.351376 2 8 3
32.0652 0.351111 0.351111 2 8 3
32.1152 0.350847 0.350847 2 8 3
32.1652 0.350583 0.350583 2 8 3
32.2152 0.350321 0.350321 2 8 3
32.2652 0.350059 0.350059 2 8 3
32.3152 0.349798 0.349798 2 8 3
32.3652 0.349537 0.349537 2 8 3
32.4152 0.349278 0.349278 2 8 3
32.4652 0.349019 0.349019 2 8 3
32.5152 0.348761 0.348761 2 8 3
32.5652 0.348503 0.348503 2 8 3
32.6152 0.348247 0.348247 2 8 3
32.6652 0.347991 0.347991 2 8 3
32.7152 0.347736 0.347736 2 8 3
32.7652 0.347482 0.347482 2 8 3
32.8152 0.347228 0.347228 2 8 3
32.8652 0.346975 0.346975 2 8 3
32.9152 0.346723 0.346723 2 8 3
32.9652 0.346472 0.346472 2 8 3
33.0152 0.346221 0.346221 2 8 3
33.0652 0.345972 0.345972 2 8 3
33.1152 0.345722 0.345722 2 8 3
33.1652 0.345474 0.345474 2 8 3
33.2152 0.345226 0.345226 2 8 3
33.2652 0.344979 0.344979 2 8 3
33.3152 0.344733 0.344733 2 8 3
33.3652 0.344487 0.344487 2 8 3
33.4152 0.344242 0.344242 2 8 3
33.4652 0.343998 0.343998 2 8 3
33.5152 0.343755 0.343755 2 8 3
33.5652 0.343512 0.343512 2 8 3
33.6152 0.34327 0.34327 2 8 3
33.6652 0.343028 0.343028 2 8 3
33.7152 0.342787 0.342787 2 8 3
33.7652 0.342547 0.342547 2 8 3
33.8152 0.342308 0.342308 2 8 3
33.8652 0.342069 0.342069 2 8 3
33.9152 0.341831 0.341831 2 8 3
33.9652 0.341593 0.341593 2 8 3
34.0152 0.341356 0.341356 2 8 3
34.0652 0.34112 0.34112 2 8 3
34.1152 0.340885 0.340885 2 8 3
34.1652 0.34065 0.34065 2 8 3
34.2152 0.340416 0.340416 2 8 3
34.2652 0.340182 0.340182 2 8 3
34.3152 0.339949 0.339949 2 8 3
34.3652 0.339717 0.339717 2 8 3
34.4151 0.339485 0.339485 2 8 3
34.4651 0.339254 0.339254 2 8 3
34.5151 0.339024 0.339024 2 8 3
34.5651 0.338794 0.338794 2 8 3
34.6151 0.338565 0.338565 2 8 3
34.6651 0.338336 0.338336 2 8 3
34.7152 0.338109 0.338109 2 8 3
34.7651 0.33788 0.33788 2 8 3
34.8152 0.337654 0.337654 2 8 3
34.8652 0.337428 0.337428 2 8 3
34.9152 0.337203 0.337203 2 8 3
34.9652 0.336978 0.336978 2 8 3
35.0152 0.336754 0.336754 2 8 3
35.0652 0.33653 0.33653 2 8 3
35.1152 0.336307 0.336307 2 8 3
35.1652 0.336084 0.336084 2 8 3
35.2152 0.335863 0.335863 2 8 3
35.2651 0.335641 0.335641 2 8 3
35.3151 0.33542 0.33542 2 8 3
35.3652 0.3352 0.3352 2 8 3
35.4152 0.334981 0.334981 2 8 3
35.4651 0.334762 0.334762 2 8 3
35.5151 0.334543 0.334543 2 8 3
35.5651 0.334325 0.334325 2 8 3
35.6151 0.334108 0.334108 2 8 3
35.6651 0.333891 0.333891 2 8 3
35.7151 0.333675 0.333675 2 8 3
35.7651 0.33346 0.33346 2 8 3
35.8151 0.333245 0.333245 2 8 3
35.8651 0.33303 0.33303 2 8 3
35.9151 0.332816 0.332816 2 8 3
35.9651 0.332603 0.332603 2 8 3
36.0151 0.33239 0.33239 2 8 3
36.0651 0.332177 0.332177 2 8 3
36.1151 0.331966 0.331966 2 8 3
36.1651 0.331754 0.331754 2 8 3
36.2151 0.331544 0.331544 2 8 3
36.2651 0.331334 0.331334 2 8 3
36.3151 0.331124 0.331124 2 8 3
36.3651 0.330915 0.330915 2 8 3
36.4151 0.330706 0.330706 2 8 3
36.4651 0.330498 0.330498 2 8 3
36.5151 0.330291 0.330291 2 8 3
36.5651 0.330084 0.330084 2 8 3
36.6151 0.329877 0.329877 2 8 3
36.6651 0.329671 0.329671 2 8 3
36.7151 0.329466 0.329466 2 8 3
36.7651 0.329261 0.329261 2 8 3
36.8151 0.329056 0.329056 2 8 3
36.8651 0.328852 0.328852 2 8 3
36.9151 0.328649 0.328649 2 8 3
36.9651 0.328446 0.328446 2 8 3
37.0151 0.328244 0.328244 2 8 3
37.0651 0.328042 0.328042 2 8 3
37.1151 0.32784 0.32784 2 8 3
37.1651 0.327639 0.327639 2 8 3
37.2151 0.327439 0.327439 2 8 3
37.2651 0.327239 0.327239 2 8 3
37.3151 0.327039 0.327039 2 8 3
37.3651 0.32684 0.32684 2 8 3
37.4151 0.326642 0.326642 2 8 3
37.4651 0.326444 0.326444 2 8 3
37.5151 0.326246 0.326246 2 8 3
37.5651 0.326049 0.326049 2 8 3
37.6151 0.325853 0.325853 2 8 3
37.6651 0.325656 0.325656 2 8 3
37.7151 0.325461 0.325461 2 8 3
37.7651 0.325266 0.325266 2 8 3
37.8151 0.325071 0.325071 2 8 3
37.8651 0.324877 0.324877 2 8 3
37.9151 0.324683 0.324683 2 8 3
37.9651 0.32449 0.32449 2 8 3
38.0151 0.324297 0.324297 2 8 3
38.0651 0.324104 0.324104 2 8 3
38.1151 0.323912 0.323912 2 8 3
38.1651 0.323721 0.323721 2 8 3
38.2151 0.32353 0.32353 2 8 3
38.2651 0.323339 0.323339 2 8 3
38.3151 0.323149 0.323149 2 8 3
38.3651 0.322959 0.322959 2 8 3
38.4151 0.32277 0.32277 2 8 3
38.4651 0.322581 0.322581 2 8 3
38.5151 0.322393 0.322393 2 8 3
38.5651 0.322205 0.322205 2 8 3
38.6151 0.322017 0.322017 2 8 3
38.6651 0.32183 0.32183 2 8 3
38.7151 0.321644 0.321644 2 8 3
38.7651 0.321458 0.321458 2 8 3
38.8151 0.321272 0.321272 2 8 3
38.8651 0.321087 0.321087 2 8 3
38.9151 0.320902 0.320902 2 8 3
38.9651 0.320717 0.320717 2 8 3
39.0151 0.320533 0.320533 2 8 3
39.0651 0.320349 0.320349 2 8 3
39.1151 0.320166 0.320166 2 8 3
39.1651 0.319983 0.319983 2 8 3
39.2151 0.319801 0.319801 2 8 3
39.2651 0.319619 0.319619 2 8 3
39.3151 0.319438 0.319438 2 8 3
39.3651 0.319256 0.319256 2 8 3
39.4151 0.319076 0.319076 2 8 3
39.4651 0.318895 0.318895 2 8 3
39.5151 0.318715 0.318715 2 8 3
39.5651 0.318536 0.318536 2 8 3
39.6151 0.318357 0.318357 2 8 3
39.6651 0.318178 0.318178 2 8 3
39.7151 0.318 0.318 2 8 3
39.7651 0.317822 0.317822 2 8 3
39.8151 0.317644 0.317644 2 8 3
39.8651 0.317467 0.317467 2 8 3
39.9151 0.317291 0.317291 2 8 3
39.9651 0.317114 0.317114 2 8 3
40.0151 0.316938 0.316938 2 8 3
